last_price,wallet,upnl,position_contracts,position_leverage,order_contracts,order_leverage,order_idle,order_limit,order_market,reward
6602.5,1,0,0,0,14832.6,2.24651,-1,0,1,0
6603,1,0,0,0,0,1.73307,-1,1,0,0
6603,1,0,0,0,0,2.65425,-1,1,0,0
6603,1,0,0,0,0,1.31388,-1,1,0,0
6603,1,0,0,0,0,1.62244,-0.92428,1,0,0
6603.5,1,0,0,0,0,2.83484,-0.697176,1,0,0
6605.5,1,0,0,0,0,1.66757,-0.848622,1,0,0
6606.5,1,0,0,0,0,2.23507,-0.92432,1,0,0
6607,1,0,0,0,0,1.61763,-0.848657,1,0,0
6608,1,0,0,0,0,3.52918,-0.924337,1,0,0
6608.5,1,0,0,0,18189.9,2.7525,-1.07566,0,1,0
6608,1,0,0,0,0,2.98838,-0.924337,1,0,0
6608.5,1,0,0,0,0,4.39704,-1,1,0,0
6608.5,1,0,0,0,0,1.52944,-1,1,0,0
6608.5,1,0,0,0,0,3.29799,-1.07566,1,0,0
6608,1,0,0,0,0,2.36891,-1,1,0,0
6608,1,0,0,0,0,1.23942,-1,1,0,0
6608,1,0,0,0,0,1.93959,-0.924337,1,0,0
6608.5,1,0,0,0,8405.78,1.27196,-1,0,1,0
6608.5,1,0,0,0,0,3.2342,-1.07566,1,0,0
6608,1,0,0,0,0,2.95112,-1,1,0,0
6608,1,0,0,0,0,3.13151,-0.924337,1,0,0
6608.5,1,0,0,0,0,5.32551,-1,1,0,0
6608.5,1,0,0,0,0,1.7343,-1,1,0,0
6608.5,1.00088,0,23337.7,3.52835,23337.7,3.53147,-1.14605,0,1,0
6607,1.00088,-0.000801755,23337.7,3.52915,0,5.13512,-1,1,0,0
6607,1.00088,-0.000801755,23337.7,3.52915,0,3.8326,-1,1,0,0
6607,1.00088,-0.000801755,23337.7,3.52915,0,4.67166,-1,1,0,0
6607,1.00088,-0.000801755,23337.7,3.52915,0,3.3064,-1,1,0,0
6607,1.00088,-0.000801755,23337.7,3.52915,0,4.16574,-1,1,0,0
6607,1.00088,-0.000801755,23337.7,3.52915,0,5.83834,-1,1,0,0
6607,1.00088,-0.000801755,23337.7,3.52915,0,4.37265,-0.656772,1,0,0
6607.5,1.00088,-0.000534463,23337.7,3.52888,0,2.90005,-1.34323,1,0,0
6607,1.00088,-0.000801755,23337.7,3.52915,0,3.69718,-0.656772,1,0,0
6607.5,1.00088,-0.000534463,23337.7,3.52888,0,3.70038,-0.314793,1,0,0
6608.5,1.00088,0,23337.7,3.52835,0,2.70633,-0.657343,1,0,0
6609,1.00088,0.000267171,23337.7,3.52808,0,3.26634,-1,1,0,0
6609,1.00088,0.000267171,23337.7,3.52808,0,3.87524,-1,1,0,0
6609,1.00088,0.000267171,23337.7,3.52808,0,2.3801,-1.34266,1,0,0
6608.5,1.00088,0,23337.7,3.52835,0,1.97701,-0.657343,1,0,0
6609,1.00088,0.000267171,23337.7,3.52808,0,4.19382,-1.34266,1,0,0
6608.5,1.00088,0,23337.7,3.52835,0,3.94131,0.71184,1,0,0
6611,1.00088,0.00133545,23337.7,3.52702,0,3.16116,-0.316208,1,0,0
6612,1.00088,0.00186935,23337.7,3.52648,0,3.80222,0.0247752,1,0,0
6613.5,1.00088,0.00266989,23337.7,3.52568,0,2.99834,-0.658787,1,0,0
6614,1.00088,0.00293666,23337.7,3.52542,0,3.82824,-0.658525,1,0,0
6614.5,1.00088,0.00320339,23337.7,3.52515,0,2.12401,-0.658939,1,0,0
6615,1.00088,0.00347007,23337.7,3.52488,0,4.87355,1.72507,1,0,0
6619,1.00088,0.00560211,23337.7,3.52275,0,2.48692,-1.34012,1,0,0
6618.5,1.00088,0.00533575,23337.7,3.52302,0,3.52765,-1,1,0,0
6618.5,1.00088,0.00533575,23337.7,3.52302,0,4.48004,-1,1,0,0
6618.5,1.00088,0.00533575,23337.7,3.52302,0,4.67972,-1,1,0,0
6618.5,1.00088,0.00533575,23337.7,3.52302,0,3.21288,-1,1,0,0
6618.5,1.00088,0.00533575,23337.7,3.52302,0,4.88884,-0.659885,1,0,0
6619,1.00088,0.00560211,23337.7,3.52275,0,4.10322,-1,1,0,0
6619,1.00088,0.00560211,23337.7,3.52275,0,4.51952,-1,1,0,0
6619,1.00088,0.00560211,23337.7,3.52275,0,2.85017,-1.34012,1,0,0
6618.5,1.00088,0.00533575,23337.7,3.52302,0,3.18274,-0.659885,1,0,0
6619,1.00088,0.00560211,23337.7,3.52275,0,2.73936,-1,1,0,0
6619,1.00088,0.00560211,23337.7,3.52275,0,1.19232,-1,1,0,0
6619,1.00088,0.00560211,23337.7,3.52275,0,0.25122,-1.34012,1,0,0
6618.5,1.00088,0.00533575,23337.7,3.52302,0,3.4728,-1,1,0,0
6618.5,1.00088,0.00533575,23337.7,3.52302,0,3.94027,-1,1,0,0
6618.5,1.00088,0.00533575,23337.7,3.52302,0,1.58774,-1,1,0,0
6618.5,1.00088,0.00533575,23337.7,3.52302,0,4.14983,-1,1,0,0
6618.5,1.00088,0.00533575,23337.7,3.52302,0,2.99951,-0.659885,1,0,0
6619,1.00088,0.00560211,23337.7,3.52275,0,1.6338,-1.34012,1,0,0
6618.5,1.00088,0.00533575,23337.7,3.52302,0,1.71896,-1,1,0,0
6618.5,1.00088,0.00533575,23337.7,3.52302,0,2.81562,-1,1,0,0
6618.5,1.00088,0.00533575,23337.7,3.52302,0,1.92999,-1.6808,1,0,0
6617.5,1.00088,0.0048029,23337.7,3.52355,-397.796,3.46349,-2.70416,0,1,0
6615,1.00088,0.00347007,23337.7,3.52488,2052.11,3.83483,-1,0,1,0
6615,1.00088,0.00347007,23337.7,3.52488,0,3.27231,-1,1,0,0
6615,1.00088,0.00347007,23337.7,3.52488,-8249.81,2.27885,-1,0,1,0
6615,1.00088,0.00347007,23337.7,3.52488,0,3.53327,-1,1,0,0
6615,1.00088,0.00347007,23337.7,3.52488,0,0.82146,-0.659015,1,0,0
6615.5,1.00088,0.00373672,23337.7,3.52462,0,1.90945,1.04397,1,0,0
6618.5,1.00088,0.00533575,23337.7,3.52302,0,1.36473,-1,1,0,0
6618.5,1.00088,0.00533575,23337.7,3.52302,0,2.61956,-1.34053,1,0,0
6618,1.00088,0.00506934,23337.7,3.52329,0,2.6556,-0.659472,1,0,0
6618.5,1.00088,0.00533575,23337.7,3.52302,0,3.54665,-0.659885,1,0,0
6619,1.00088,0.00560211,23337.7,3.52275,0,3.27328,0.359704,1,0,0
6621,1.00088,0.00666717,23337.7,3.52169,0,2.10953,1.37523,1,0,0
6624.5,1.00088,0.00852947,23337.7,3.51983,0,4.78905,-1.33895,1,0,0
6624,1.00088,0.00826354,23337.7,3.52009,26492.8,7.51609,-0.322178,0,1,0
6625,1.00088,0.00879535,23337.7,3.51956,0,5.21134,-1.67782,1,0,0
6624,1.00088,0.00826354,23337.7,3.52009,0,4.47308,-0.661051,1,0,0
6624.5,1.00088,0.00852947,23337.7,3.51983,7994.43,4.72556,1.03144,0,1,0
6627.5,1.00088,0.0101242,23337.7,3.51824,0,5.61207,1.36438,1,0,0
6631,1.00088,0.0119828,23337.7,3.51638,0,3.01278,-3.70288,1,0,0
6627,1.00088,0.00985847,23337.7,3.5185,0,6.18518,-1,1,0,0
6627,1.00088,0.00985847,23337.7,3.5185,0,5.58051,-1,1,0,0
6627,1.00088,0.00985847,23337.7,3.5185,0,5.62013,-1,1,0,0
6627,1.00088,0.00985847,23337.7,3.5185,0,3.19874,-0.661501,1,0,0
6627.5,1.00088,0.0101242,23337.7,3.51824,0,3.2181,-4.04885,1,0,0
6623,1.00088,0.00773158,23337.7,3.52063,0,5.17302,-1,1,0,0
6623,1.00088,0.00773158,23337.7,3.52063,7323.21,4.62537,-1,0,1,0
6623,1.00088,0.00773158,23337.7,3.52063,0,2.30761,-2.35782,1,0,0
6621,1.00088,0.00666717,23337.7,3.52169,0,3.80417,-1,1,0,0
6621,1.00088,0.00666717,23337.7,3.52169,0,4.24341,-1,1,0,0
6621,1.00088,0.00666717,23337.7,3.52169,0,3.87604,-0.660263,1,0,0
6621.5,1.00088,0.00693333,23337.7,3.52142,0,3.6654,-1.67955,1,0,0
6620.5,1.00088,0.00640096,23337.7,3.52195,0,3.67959,-0.660187,1,0,0
6621,1.00088,0.00666717,23337.7,3.52169,0,3.97656,-1.33981,1,0,0
6620.5,1.00088,0.00640096,23337.7,3.52195,0,3.70615,-1,1,0,0
6620.5,1.00088,0.00640096,23337.7,3.52195,0,2.90752,-1,1,0,0
6620.5,1.00088,0.00640096,23337.7,3.52195,0,2.92783,-1,1,0,0
6620.5,1.00088,0.00640096,23337.7,3.52195,0,2.96446,-1,1,0,0
6620.5,1.00088,0.00640096,23337.7,3.52195,0,4.15027,-1,1,0,0
6620.5,1.00088,0.00640096,23337.7,3.52195,0,4.95449,-0.660187,1,0,0
6621,1.00088,0.00666717,23337.7,3.52169,0,4.48941,-2.01966,1,0,0
6619.5,1.00088,0.00586844,23337.7,3.52249,0,3.43748,-1.34004,1,0,0
6619,1.00088,0.00560211,23337.7,3.52275,0,5.08974,-1,1,0,0
6619,1.00088,0.00560211,23337.7,3.52275,0,4.13001,-1,1,0,0
6619,1.00088,0.00560211,23337.7,3.52275,0,2.95579,-1,1,0,0
6619,1.00088,0.00560211,23337.7,3.52275,0,2.86389,-0.659961,1,0,0
6619.5,1.00088,0.00586844,23337.7,3.52249,0,3.63756,-1.34004,1,0,0
6619,1.00088,0.00560211,23337.7,3.52275,0,2.20487,-1,1,0,0
6619,1.00088,0.00560211,23337.7,3.52275,0,4.18759,-1.34012,1,0,0
6618.5,1.00088,0.00533575,23337.7,3.52302,0,3.13159,-2.70306,1,0,0
6616,1.00088,0.00400332,23337.7,3.52435,0,3.40314,-1,1,0,0
6616,1.00088,0.00400332,23337.7,3.52435,0,3.46389,-1,1,0,0
6616,1.00088,0.00400332,23337.7,3.52435,0,2.98058,-1,1,0,0
6616,1.00088,0.00400332,23337.7,3.52435,0,3.94697,-1.34091,1,0,0
6615.5,1.00088,0.00373672,23337.7,3.52462,0,2.91307,-2.02352,1,0,0
6614,1.00088,0.00293666,23337.7,3.52542,0,2.68057,-2.70785,1,0,0
6611.5,1.00088,0.00160242,23337.7,3.52675,0,1.73946,-1.34193,1,0,0
6611,1.00088,0.00133545,23337.7,3.52702,0,3.18235,-1,1,0,0
6611,1.00088,0.00133545,23337.7,3.52702,0,2.13082,-0.658066,1,0,0
6611.5,1.00088,0.00160242,23337.7,3.52675,0,1.0966,-1,1,0,0
6611.5,1.00088,0.00160242,23337.7,3.52675,0,1.66484,-1,1,0,0
6611.5,1.00088,0.00160242,23337.7,3.52675,0,1.6468,-1,1,0,0
6611.5,1.00088,0.00160242,23337.7,3.52675,0,1.40486,-1.34193,1,0,0
6611,1.00088,0.00133545,23337.7,3.52702,0,1.93249,-1,1,0,0
6611,1.00088,0.00133545,23337.7,3.52702,0,2.95313,-1,1,0,0
6611,1.00088,0.00133545,23337.7,3.52702,0,2.24299,-0.316208,1,0,0
6612,1.00088,0.00186935,23337.7,3.52648,0,1.73403,-0.658219,1,0,0
6612.5,1.00088,0.00213624,23337.7,3.52622,0,2.35664,-1,1,0,0
6612.5,1.00088,0.00213624,23337.7,3.52622,0,3.61125,0.706744,1,0,0
6615,1.00088,0.00347007,23337.7,3.52488,0,2.66898,-0.318107,1,0,0
6616,1.00088,0.00400332,23337.7,3.52435,0,2.75338,-1,1,0,0
6616,1.00088,0.00400332,23337.7,3.52435,0,1.84852,-1,1,0,0
6616,1.00088,0.00400332,23337.7,3.52435,0,2.91742,0.0222691,1,0,0
6617.5,1.00088,0.0048029,23337.7,3.52355,0,3.72437,-1,1,0,0
6617.5,1.00088,0.0048029,23337.7,3.52355,0,3.18416,0.0209104,1,0,0
6619,1.00088,0.00560211,23337.7,3.52275,0,2.44765,-0.319997,1,0,0
6620,1.00088,0.00613472,23337.7,3.52222,0,3.6483,-1.33996,1,0,0
6619.5,1.00088,0.00586844,23337.7,3.52249,5858.06,4.40668,-1,0,1,0
6619.5,1.00088,0.00586844,23337.7,3.52249,1950.26,3.81685,-0.660036,0,1,0
6620,1.00088,0.00613472,23337.7,3.52222,0,4.77659,-1,1,0,0
6620,1.00088,0.00613472,23337.7,3.52222,0,2.87436,-1,1,0,0
6620,1.00088,0.00613472,23337.7,3.52222,10713.2,5.1391,-1,0,1,0
6620,1.00088,0.00613472,23337.7,3.52222,0,4.49316,-1,1,0,0
6620,1.00088,0.00613472,23337.7,3.52222,0,3.21833,-0.660112,1,0,0
6620.5,1.00088,0.00640096,23337.7,3.52195,0,3.00328,-1,1,0,0
6620.5,1.00088,0.00640096,23337.7,3.52195,0,4.46657,-0.660187,1,0,0
6621,1.00088,0.00666717,23337.7,3.52169,0,4.11633,0.357822,1,0,0
6623,1.00088,0.00773158,23337.7,3.52063,0,3.63386,-1,1,0,0
6623,1.00088,0.00773158,23337.7,3.52063,0,2.98014,-1,1,0,0
6623,1.00088,0.00773158,23337.7,3.52063,0,5.0464,-1,1,0,0
6623,1.00088,0.00773158,23337.7,3.52063,0,4.22006,-1.33917,1,0,0
6622.5,1.00088,0.00746554,23337.7,3.52089,0,4.30681,-1,1,0,0
6622.5,1.00088,0.00746554,23337.7,3.52089,0,4.19225,-1,1,0,0
6622.5,1.00088,0.00746554,23337.7,3.52089,0,2.86398,-0.660826,1,0,0
6623,1.00088,0.00773158,23337.7,3.52063,0,4.59337,-1.33917,1,0,0
6622.5,1.00088,0.00746554,23337.7,3.52089,0,3.70899,-1,1,0,0
6622.5,1.00088,0.00746554,23337.7,3.52089,0,4.33706,-1,1,0,0
6622.5,1.00088,0.00746554,23337.7,3.52089,0,3.30845,-1,1,0,0
6622.5,1.00088,0.00746554,23337.7,3.52089,0,2.9481,-0.660826,1,0,0
6623,1.00088,0.00773158,23337.7,3.52063,0,4.0509,-1,1,0,0
6623,1.00088,0.00773158,23337.7,3.52063,0,4.20809,-1,1,0,0
6623,1.00088,0.00773158,23337.7,3.52063,0,3.43404,-1,1,0,0
6623,1.00088,0.00773158,23337.7,3.52063,0,4.2732,-0.321541,1,0,0
6624,1.00088,0.00826354,23337.7,3.52009,0,2.64,-0.661051,1,0,0
6624.5,1.00088,0.00852947,23337.7,3.51983,0,2.23103,-1,1,0,0
6624.5,1.00088,0.00852947,23337.7,3.51983,0,2.7323,-1,1,0,0
6624.5,1.00088,0.00852947,23337.7,3.51983,0,4.89478,-0.661127,1,0,0
6625,1.00088,0.00879535,23337.7,3.51956,0,2.4693,0.354072,1,0,0
6627,1.00088,0.00985847,23337.7,3.5185,0,3.6135,-0.323413,1,0,0
6628,1.00088,0.0103898,23337.7,3.51797,0,3.64045,-0.324048,1,0,0
6629,1.00088,0.010921,23337.7,3.51744,0,2.89762,-1.33794,1,0,0
6628.5,1.00088,0.0106554,23337.7,3.5177,0,4.13475,-0.662061,1,0,0
6629,1.00088,0.010921,23337.7,3.51744,0,3.64509,-1,1,0,0
6629,1.00088,0.010921,23337.7,3.51744,0,3.93034,-2.35254,1,0,0
6627,1.00088,0.00985847,23337.7,3.5185,0,3.55794,-1,1,0,0
6627,1.00088,0.00985847,23337.7,3.5185,0,2.81328,0.352539,1,0,0
6629,1.00088,0.010921,23337.7,3.51744,0,2.59125,-1,1,0,0
6629,1.00088,0.010921,23337.7,3.51744,2241.53,3.85528,-1,0,1,0
6629,1.00088,0.010921,23337.7,3.51744,0,3.2007,-1.33794,1,0,0
6628.5,1.00088,0.0106554,23337.7,3.5177,0,3.81378,0.013257,1,0,0
6630,1.00088,0.011452,23337.7,3.51691,0,2.79774,-0.324979,1,0,0
6631,1.00088,0.0119828,23337.7,3.51638,0,3.05777,2.03241,1,0,0
6635.5,1.00088,0.0143696,23337.7,3.51399,0,4.04448,-1,1,0,0
6635.5,1.00088,0.0143696,23337.7,3.51399,3357.08,4.01947,-1.33664,0,1,0
6635,1.00107,0.0140946,28322,4.26401,4984.34,4.26481,-1.60946,0,1,0
6634,1.00107,0.0134512,28322,4.26466,8008.14,5.4705,-0.60741,0,1,0
6634.5,1.00107,0.0137729,28322,4.26434,0,4.26677,-1.39259,1,0,0
6634,1.00107,0.0134512,28322,4.26466,0,3.44981,-1,1,0,0
6634,1.00107,0.0134512,28322,4.26466,0,4.12663,-0.60741,1,0,0
6634.5,1.00107,0.0137729,28322,4.26434,0,5.13473,-1.39259,1,0,0
6634,1.00107,0.0134512,28322,4.26466,0,3.77386,-0.60741,1,0,0
6634.5,1.00107,0.0137729,28322,4.26434,0,4.35969,2.91602,1,0,0
6639.5,1.00107,0.0169877,28322,4.26112,0,4.5256,2.51137,1,0,0
6644,1.00107,0.0198769,28322,4.25824,0,4.95282,-1.77926,1,0,0
6643,1.00107,0.0192352,28322,4.25888,0,1.81375,-0.610118,1,0,0
6643.5,1.00107,0.019556,28322,4.25856,0,4.71417,-3.73138,1,0,0
6640,1.00107,0.0173089,28322,4.2608,0,4.11817,-1,1,0,0
6640,1.00107,0.0173089,28322,4.2608,0,4.2839,-5.30663,1,0,0
6634.5,1.00107,0.0137729,28322,4.26434,0,3.51507,0.176321,1,0,0
6636,1.00107,0.0147379,28322,4.26337,0,5.84745,-0.60824,1,0,0
6636.5,1.00107,0.0150594,28322,4.26305,0,6.2322,-0.608346,1,0,0
6637,1.00107,0.0153809,28322,4.26273,21869.9,7.55435,-0.217009,0,1,0
6638,1.00107,0.0160238,28322,4.26209,0,5.26279,-1,1,0,0
6638,1.00107,0.0160238,28322,4.26209,0,4.07367,-1.39144,1,0,0
6637.5,1.00107,0.0157024,28322,4.26241,0,3.87058,-1.7832,1,0,0
6636.5,1.00107,0.0150594,28322,4.26305,9278.58,5.65967,-1,0,1,0
6636.5,1.00107,0.0150594,28322,4.26305,0,5.0212,-2.56808,1,0,0
6634.5,1.00107,0.0137729,28322,4.26434,0,5.78902,-0.607922,1,0,0
6635,1.00107,0.0140946,28322,4.26401,0,5.88226,-1.39208,1,0,0
6634.5,1.00107,0.0137729,28322,4.26434,0,5.53098,-1,1,0,0
6634.5,1.00107,0.0137729,28322,4.26434,0,3.96813,-0.607922,1,0,0
6635,1.00107,0.0140946,28322,4.26401,0,4.51863,-1,1,0,0
6635,1.00107,0.0140946,28322,4.26401,0,1.37494,-1.39208,1,0,0
6634.5,1.00107,0.0137729,28322,4.26434,0,4.16846,-0.607922,1,0,0
6635,1.00107,0.0140946,28322,4.26401,0,2.73632,-1.39208,1,0,0
6634.5,1.00107,0.0137729,28322,4.26434,0,3.50377,-1,1,0,0
6634.5,1.00107,0.0137729,28322,4.26434,0,5.21588,-1,1,0,0
6634.5,1.00107,0.0137729,28322,4.26434,0,4.31765,-1,1,0,0
6634.5,1.00107,0.0137729,28322,4.26434,0,2.58126,-1,1,0,0
6634.5,1.00107,0.0137729,28322,4.26434,0,3.40336,-1,1,0,0
6634.5,1.00107,0.0137729,28322,4.26434,0,4.01696,-0.607922,1,0,0
6635,1.00107,0.0140946,28322,4.26401,0,2.95479,-1,1,0,0
6635,1.00107,0.0140946,28322,4.26401,0,4.0375,-1.39208,1,0,0
6634.5,1.00107,0.0137729,28322,4.26434,0,2.79759,-1,1,0,0
6634.5,1.00107,0.0137729,28322,4.26434,0,3.86237,-1,1,0,0
6634.5,1.00107,0.0137729,28322,4.26434,0,4.0659,-0.607922,1,0,0
6635,1.00107,0.0140946,28322,4.26401,0,1.16515,-1.39208,1,0,0
6634.5,1.00107,0.0137729,28322,4.26434,0,2.45789,-1,1,0,0
6634.5,1.00107,0.0137729,28322,4.26434,0,2.93556,-0.607922,1,0,0
6635,1.00107,0.0140946,28322,4.26401,0,3.27458,-1,1,0,0
6635,1.00107,0.0140946,28322,4.26401,0,2.01554,-1.39208,1,0,0
6634.5,1.00107,0.0137729,28322,4.26434,0,2.33934,-0.607922,1,0,0
6635,1.00107,0.0140946,28322,4.26401,0,2.6769,-1,1,0,0
6635,1.00107,0.0140946,28322,4.26401,0,2.83395,-1.39208,1,0,0
6634.5,1.00107,0.0137729,28322,4.26434,0,2.12646,-0.607922,1,0,0
6635,1.00107,0.0140946,28322,4.26401,0,2.44322,-1,1,0,0
6635,1.00107,0.0140946,28322,4.26401,0,1.15217,-1,1,0,0
6635,1.00107,0.0140946,28322,4.26401,0,3.46356,-1,1,0,0
6635,1.00107,0.0140946,28322,4.26401,0,1.6185,-1,1,0,0
6635,1.00107,0.0140946,28322,4.26401,0,2.11055,-1,1,0,0
6635,1.00107,0.0140946,28322,4.26401,0,2.69511,-1.39208,1,0,0
6634.5,1.00107,0.0137729,28322,4.26434,0,2.11859,-0.607922,1,0,0
6635,1.00107,0.0140946,28322,4.26401,0,1.82626,-1,1,0,0
6635,1.00107,0.0140946,28322,4.26401,0,1.23702,-1.39208,1,0,0
6634.5,1.00107,0.0137729,28322,4.26434,0,2.06825,-1,1,0,0
6634.5,1.00107,0.0137729,28322,4.26434,0,2.095,-0.607922,1,0,0
6635,1.00107,0.0140946,28322,4.26401,0,1.40111,-1.39208,1,0,0
6634.5,1.00107,0.0137729,28322,4.26434,0,2.49573,-1,1,0,0
6634.5,1.00107,0.0137729,28322,4.26434,0,2.15226,-0.607922,1,0,0
6635,1.00107,0.0140946,28322,4.26401,0,2.06123,-1,1,0,0
6635,1.00107,0.0140946,28322,4.26401,0,0.506507,-1,1,0,0
6635,1.00107,0.0140946,28322,4.26401,0,1.19693,-1,1,0,0
6635,1.00107,0.0140946,28322,4.26401,0,0.701641,-0.215757,1,0,0
6636,1.00107,0.0147379,28322,4.26337,0,1.01174,-0.60824,1,0,0
6636.5,1.00107,0.0150594,28322,4.26305,0,1.74599,-1.39176,1,0,0
6636,1.00107,0.0147379,28322,4.26337,0,1.64516,-0.60824,1,0,0
6636.5,1.00107,0.0150594,28322,4.26305,0,1.52079,-1,1,0,0
6636.5,1.00107,0.0150594,28322,4.26305,0,1.24715,-0.216798,1,0,0
6637.5,1.00107,0.0157024,28322,4.26241,0,0.0714686,-1,1,0,0
6637.5,1.00107,0.0157024,28322,4.26241,0,1.5898,-0.608557,1,0,0
6638,1.00107,0.0160238,28322,4.26209,0,0.90508,-0.217836,1,0,0
6639,1.00107,0.0166664,28322,4.26145,0,1.73728,-1,1,0,0
6639,1.00107,0.0166664,28322,4.26145,0,2.20887,-1.39083,1,0,0
6638.5,1.00107,0.0163451,28322,4.26177,0,1.50352,7.56835,1,0,0
6649.5,1.00107,0.0234028,28322,4.25472,0,1.60088,-1,1,0,0
6649.5,1.00107,0.0234028,28322,4.25472,0,3.62278,-1.38783,1,0,0
6649,1.00107,0.0230825,28322,4.25504,0,1.49346,-0.612172,1,0,0
6649.5,1.00107,0.0234028,28322,4.25472,0,2.49821,-4.10714,1,0,0
6645.5,1.00107,0.0208391,28322,4.25728,0,2.69117,-0.611043,1,0,0
6646,1.00107,0.0211597,28322,4.25696,0,3.00168,0.165844,1,0,0
6647.5,1.00107,0.0221213,28322,4.256,0,0.703539,-1,1,0,0
6647.5,1.00107,0.0221213,28322,4.256,0,3.84545,-1,1,0,0
6647.5,1.0073,0.016175,20708.9,3.09271,-7613.1,3.11196,2.92297,0,1,0
6653.5,1.0073,0.0189843,20708.9,3.08992,6650.7,4.08225,-1.30304,0,1,0
6653,1.0073,0.0187504,20708.9,3.09015,-16094.5,0.688557,-2.51694,0,1,0
6650.5,1.0073,0.0175803,20708.9,3.09131,-75372.9,-8.15994,-1,0,1,0
6650.5,1.0073,0.0175803,20708.9,3.09131,0,-2.40526,-1,1,0,0
6650.5,1.0073,0.0175803,20708.9,3.09131,0,-1.88736,-1.30368,1,0,0
6650,1.0073,0.0173461,20708.9,3.09155,-21716.9,-0.150472,-1.60753,0,1,0
6649,1.0073,0.0168778,20708.9,3.09201,0,3.26131,-1,1,0,0
6649,1.0073,0.0168778,20708.9,3.09201,0,3.94335,-1,1,0,0
6649,1.0073,0.0168778,20708.9,3.09201,9149.77,4.45815,-1,0,1,0
6649,1.0073,0.0168778,20708.9,3.09201,0,2.53943,-1,1,0,0
6649,1.0073,0.0168778,20708.9,3.09201,0,4.93219,-0.696206,1,0,0
6649.5,1.0073,0.017112,20708.9,3.09178,0,2.94102,-1,1,0,0
6649.5,1.0073,0.017112,20708.9,3.09178,0,5.15969,-1.30379,1,0,0
6649,1.0073,0.0168778,20708.9,3.09201,0,2.63168,-0.696206,1,0,0
6649.5,1.0073,0.017112,20708.9,3.09178,0,3.87539,-0.392585,1,0,0
6650.5,1.0073,0.0175803,20708.9,3.09131,9819.84,4.55716,-0.696379,0,1,0
6651,1.0073,0.0178144,20708.9,3.09108,0,3.61783,-1,1,0,0
6651,1.0073,0.0178144,20708.9,3.09108,0,2.49649,0.819337,1,0,0
6654,1.0073,0.0192182,20708.9,3.08969,0,4.30844,-1,1,0,0
6654,1.0073,0.0192182,20708.9,3.08969,0,2.45208,-1,1,0,0
6654,1.02823,-0,-24832.8,-3.62954,-45541.7,-3.70495,-1.11446,0,1,0
6658.5,1.02823,-0.0025222,-24832.8,-3.63199,0,-6.8071,-1,1,0,0
6658.5,1.02823,-0.0025222,-24832.8,-3.63199,-18243.3,-6.29171,-1,0,1,0
6658.5,1.02823,-0.0025222,-24832.8,-3.63199,0,-2.95079,-2.38653,1,0,0
6662,1.02823,-0.00448155,-24832.8,-3.6339,0,-5.16322,-1,1,0,0
6662,1.02906,-0.00447902,-46877.1,-6.84649,-22044.3,-6.84328,-1.07092,0,1,0
6663,1.02906,-0.00553507,-46877.1,-6.84751,0,-3.64196,7.7767,1,0,0
6653,1.02906,0.00503975,-46877.1,-6.83724,0,-3.64966,-1.43687,1,0,0
6653.5,1.02906,0.00451026,-46877.1,-6.83775,0,-4.89127,0.310478,1,0,0
6652,1.02906,0.00609898,-46877.1,-6.83621,0,-3.75746,-0.56327,1,0,0
6651.5,1.02906,0.00662872,-46877.1,-6.83569,0,-5.09251,-0.128,1,0,0
6650.5,1.02906,0.00768843,-46877.1,-6.83466,0,-4.60428,-1,1,0,0
6650.5,1.02906,0.00768843,-46877.1,-6.83466,0,-6.07412,0.306985,1,0,0
6649,1.02906,0.00927859,-46877.1,-6.83312,0,-5.51456,2.47687,1,0,0
6645,1.02906,0.0135225,-46877.1,-6.829,0,-4.73952,-1.43393,1,0,0
6645.5,1.02906,0.0129918,-46877.1,-6.82951,0,-3.79872,-1,1,0,0
6645.5,1.02906,0.0129918,-46877.1,-6.82951,0,-3.90914,0.301637,1,0,0
6644,1.02906,0.0145843,-46877.1,-6.82796,0,-4.16993,-1,1,0,0
6644,1.02906,0.0145843,-46877.1,-6.82796,0,-6.26873,-5.34458,1,0,0
6649,1.02906,0.00927859,-46877.1,-6.83312,10474.6,-5.32028,-1.4354,0,1,0
6649.5,1.02906,0.00874846,-46877.1,-6.83363,0,-7.47115,-1,1,0,0
6649.5,1.02906,0.00874846,-46877.1,-6.83363,0,-6.80548,-0.129476,1,0,0
6648.5,1.02906,0.0098088,-46877.1,-6.8326,0,-4.25823,-0.564481,1,0,0
6648,1.02906,0.0103391,-46877.1,-6.83209,26817.3,-2.93221,-1,0,1,0
6648,1.02906,0.0103391,-46877.1,-6.83209,0,-3.98002,-1,1,0,0
6648,1.02906,0.0103391,-46877.1,-6.83209,0,-4.9534,0.738106,1,0,0
6646,1.02906,0.0124611,-46877.1,-6.83003,15923.2,-4.526,-0.565809,0,1,0
6645.5,1.02906,0.0129918,-46877.1,-6.82951,0,-2.01162,-1,1,0,0
6645.5,1.02906,0.0129918,-46877.1,-6.82951,0,-5.75478,-1,1,0,0
6645.5,1.02906,0.0129918,-46877.1,-6.82951,0,-6.10759,-0.566074,1,0,0
6645,1.02906,0.0135225,-46877.1,-6.829,0,-1.22892,-1,1,0,0
6645,1.02906,0.0135225,-46877.1,-6.829,0,1.3112,-1,1,0,0
6645,1.04076,0.00316882,-10985,-1.58228,35892.1,-1.60644,0.470292,0,1,0
6643,1.04076,0.00366652,-10985,-1.58181,0,-1.73831,-1.04397,1,0,0
6643.5,1.04076,0.00354207,-10985,-1.58193,0,-0.106112,-0.956029,1,0,0
6643,1.04076,0.00366652,-10985,-1.58181,0,2.54969,-1.13167,1,0,0
6644.5,1.04076,0.00329322,-10985,-1.58217,0,2.37443,-1.04403,1,0,0
6645,1.04076,0.00316882,-10985,-1.58228,0,0.990313,-1,1,0,0
6645,1.04076,0.00316882,-10985,-1.58228,20186.9,1.33055,-1,0,1,0
6645,1.04076,0.00316882,-10985,-1.58228,0,-2.25018,-1.0439,1,0,0
6645.5,1.04076,0.00304444,-10985,-1.5824,0,-0.608728,-1,1,0,0
6645.5,1.04076,0.00304444,-10985,-1.5824,4911.75,-0.878095,-0.956103,0,1,0
6645,1.04076,0.00316882,-10985,-1.58228,0,0.394064,-1.08781,1,0,0
6646,1.04076,0.00292008,-10985,-1.58252,7426.93,-0.514401,-1,0,1,0
6646,1.04076,0.00292008,-10985,-1.58252,0,-2.91426,-0.956083,1,0,0
6645.5,1.04076,0.00304444,-10985,-1.5824,0,-2.34646,-1.04392,1,0,0
6646,1.04076,0.00292008,-10985,-1.58252,0,-3.03568,-1,1,0,0
6646,1.04076,0.00292008,-10985,-1.58252,4220.47,-0.97797,-0.956083,0,1,0
6645.5,1.04076,0.00304444,-10985,-1.5824,0,-4.02395,-1.3952,1,0,0
6650,1.04076,0.00192587,-10985,-1.58348,0,-3.15796,-1.39543,1,0,0
6654.5,1.04076,0.000808812,-10985,-1.58455,-20122.1,-4.49151,-1,0,1,0
6654.5,1.04076,0.000808812,-10985,-1.58455,0,-2.94591,-1.04397,1,0,0
6655,1.04076,0.000684788,-10985,-1.58467,-8642.03,-2.8337,-1,0,1,0
6655,1.04076,0.000684788,-10985,-1.58467,0,-3.95516,-1,1,0,0
6655,1.04076,0.000684788,-10985,-1.58467,0,-4.43247,-0.956033,1,0,0
6654.5,1.04076,0.000808812,-10985,-1.58455,0,-5.44727,-1.04397,1,0,0
6655,1.04076,0.000684788,-10985,-1.58467,0,-4.38434,-0.956033,1,0,0
6654.5,1.04076,0.000808812,-10985,-1.58455,0,-2.89611,-1,1,0,0
6654.5,1.04076,0.000808812,-10985,-1.58455,0,-2.50728,-1,1,0,0
6654.5,1.04076,0.000808812,-10985,-1.58455,0,-3.671,-1.04397,1,0,0
6655,1.04076,0.000684788,-10985,-1.58467,-1873.36,-1.85646,-1,0,1,0
6655,1.04076,0.000684788,-10985,-1.58467,0,-5.09021,-1.17576,1,0,0
6657,1.04076,0.000188877,-10985,-1.58515,0,-4.78854,-1.52765,1,0,0
6663,1.04076,-0.00129707,-10985,-1.58658,-27493.8,-5.5488,-0.956023,0,1,0
6662.5,1.04076,-0.00117334,-10985,-1.58646,0,-6.97187,-1.04398,1,0,0
6663,1.04076,-0.00129707,-10985,-1.58658,0,-7.06422,-0.956023,1,0,0
6662.5,1.04076,-0.00117334,-10985,-1.58646,0,-8.15521,-1.04398,1,0,0
6663,1.04222,-0.00129627,-49924.2,-7.19168,-38939.2,-7.19928,-3.32264,0,1,0
6667,1.04222,-0.0057917,-49924.2,-7.19599,0,-2.3802,-2.86906,1,0,0
6669,1.04222,-0.00803739,-49924.2,-7.19814,0,-1.00569,4.59704,1,0,0
6663,1.04222,-0.00129627,-49924.2,-7.19168,0,-3.11254,-1.4653,1,0,0
6663.5,1.04222,-0.0018585,-49924.2,-7.19222,0,-2.88955,-1,1,0,0
6663.5,1.04222,-0.0018585,-49924.2,-7.19222,0,-3.98903,-0.534697,1,0,0
6663,1.04222,-0.00129627,-49924.2,-7.19168,0,-2.04302,0.858939,1,0,0
6661,1.04222,0.000953464,-49924.2,-7.18952,0,-1.34129,0.391265,1,0,0
6659.5,1.04222,0.00264165,-49924.2,-7.1879,0,-3.04299,-1.46323,1,0,0
6660,1.04222,0.00207884,-49924.2,-7.18844,0,-3.75441,-0.536773,1,0,0
6659.5,1.04222,0.00264165,-49924.2,-7.1879,0,-3.89159,-1.46323,1,0,0
6660,1.04222,0.00207884,-49924.2,-7.18844,0,-2.10047,-0.536773,1,0,0
6659.5,1.04222,0.00264165,-49924.2,-7.1879,40530.5,-1.35343,-1,0,1,0
6659.5,1.04222,0.00264165,-49924.2,-7.1879,34982.4,-2.15278,-1,0,1,0
6659.5,1.04222,0.00264165,-49924.2,-7.1879,0,-1.91215,-0.536373,1,0,0
6659,1.04222,0.00320455,-49924.2,-7.18736,0,-1.89145,-1,1,0,0
6659,1.04222,0.00320455,-49924.2,-7.18736,28020.6,-3.15606,-0.536669,0,1,0
6658.5,1.04222,0.00376754,-49924.2,-7.18682,0,-3.08787,-2.39018,1,0,0
6660,1.04222,0.00207884,-49924.2,-7.18844,0,-1.43717,-1.46422,1,0,0
6660.5,1.04222,0.00151611,-49924.2,-7.18898,37510.9,-1.78821,-8.9198,0,1,0
6669,1.04222,-0.00803739,-49924.2,-7.19814,0,-2.70823,-0.0652207,1,0,0
6668,1.04222,-0.00691471,-49924.2,-7.19707,0,-3.38915,4.12727,1,0,0
6662.5,1.04222,-0.000733965,-49924.2,-7.19114,0,-2.4774,-1.46501,1,0,0
6663,1.04222,-0.00129627,-49924.2,-7.19168,0,-2.92401,-1,1,0,0
6663,1.04222,-0.00129627,-49924.2,-7.19168,0,-2.02421,-1,1,0,0
6663,1.04222,-0.00129627,-49924.2,-7.19168,0,-2.78089,-0.534994,1,0,0
6662.5,1.04222,-0.000733965,-49924.2,-7.19114,0,-2.42691,-1,1,0,0
6662.5,1.04222,-0.000733965,-49924.2,-7.19114,0,-1.37698,-1,1,0,0
6662.5,1.04222,-0.000733965,-49924.2,-7.19114,0,-2.46111,-1,1,0,0
6662.5,1.04222,-0.000733965,-49924.2,-7.19114,0,-3.28757,-0.535291,1,0,0
6662,1.04222,-0.000171573,-49924.2,-7.1906,0,-3.82834,-1.46471,1,0,0
6662.5,1.04222,-0.000733965,-49924.2,-7.19114,0,-2.8498,8.2547,1,0,0
6652.5,1.04222,0.0105299,-49924.2,-7.18033,0,-1.95318,-1,1,0,0
6652.5,1.04222,0.0105299,-49924.2,-7.18033,0,-6.70062,-0.539108,1,0,0
6652,1.04222,0.011094,-49924.2,-7.17979,0,-6.24286,1.29938,1,0,0
6649.5,1.04222,0.0139157,-49924.2,-7.17708,0,-6.00939,2.20993,1,0,0
6646,1.04222,0.0178697,-49924.2,-7.17329,0,-7.21138,-0.542207,1,0,0
6645.5,1.04222,0.0184348,-49924.2,-7.17274,0,-3.99804,-0.542497,1,0,0
6645,1.04222,0.0190001,-49924.2,-7.1722,0,-5.639,-0.542102,1,0,0
6644.5,1.04222,0.0195655,-49924.2,-7.17166,0,-3.18141,-1,1,0,0
6644.5,1.04222,0.0195655,-49924.2,-7.17166,0,-2.13936,-1,1,0,0
6644.5,1.04222,0.0195655,-49924.2,-7.17166,0,-0.774006,-3.74763,1,0,0
6647.5,1.04222,0.0161746,-49924.2,-7.17491,0,-1.29731,-1.45827,1,0,0
6648,1.04222,0.0156098,-49924.2,-7.17545,0,-6.83987,-0.541733,1,0,0
6647.5,1.04222,0.0161746,-49924.2,-7.17491,0,-6.33093,-1,1,0,0
6647.5,1.04222,0.0161746,-49924.2,-7.17491,0,-8.075,-1.45827,1,0,0
6648,1.04222,0.0156098,-49924.2,-7.17545,0,-5.26092,-0.541733,1,0,0
6647.5,1.04222,0.0161746,-49924.2,-7.17491,0,-5.53996,-1,1,0,0
6647.5,1.04222,0.0161746,-49924.2,-7.17491,0,-4.92882,-1,1,0,0
6647.5,1.04222,0.0161746,-49924.2,-7.17491,0,-5.72415,-1.45827,1,0,0
6648,1.04222,0.0156098,-49924.2,-7.17545,0,-2.7864,-1,1,0,0
6648,1.04222,0.0156098,-49924.2,-7.17545,0,-5.30842,-0.541733,1,0,0
6647.5,1.04222,0.0161746,-49924.2,-7.17491,0,-6.35636,-1.45827,1,0,0
6648,1.04222,0.0156098,-49924.2,-7.17545,0,-6.47395,-1,1,0,0
6648,1.04222,0.0156098,-49924.2,-7.17545,0,-6.57521,-0.541733,1,0,0
6647.5,1.04222,0.0161746,-49924.2,-7.17491,0,-5.24832,-0.541337,1,0,0
6647,1.04222,0.0167395,-49924.2,-7.17437,0,-5.62237,1.28896,1,0,0
6644.5,1.04222,0.0195655,-49924.2,-7.17166,0,-5.79927,-1,1,0,0
6644.5,1.04222,0.0195655,-49924.2,-7.17166,0,-5.83207,-1,1,0,0
6644.5,1.04222,0.0195655,-49924.2,-7.17166,0,-5.35881,-1,1,0,0
6644.5,1.04222,0.0195655,-49924.2,-7.17166,0,-7.52004,-1,1,0,0
6644.5,1.04222,0.0195655,-49924.2,-7.17166,0,-5.16343,-1,1,0,0
6644.5,1.04222,0.0195655,-49924.2,-7.17166,0,-7.53967,-1.4579,1,0,0
6645,1.04222,0.0190001,-49924.2,-7.1722,0,-6.26637,-0.542102,1,0,0
6644.5,1.04222,0.0195655,-49924.2,-7.17166,0,-7.22208,-1,1,0,0
6644.5,1.04222,0.0195655,-49924.2,-7.17166,0,-6.9927,-1,1,0,0
6644.5,1.04222,0.0195655,-49924.2,-7.17166,0,-5.43542,-1,1,0,0
6644.5,1.04222,0.0195655,-49924.2,-7.17166,0,-4.05769,-2.83059,1,0,0
6646.5,1.04222,0.0173046,-49924.2,-7.17383,0,-4.61691,-1,1,0,0
6646.5,1.04222,0.0173046,-49924.2,-7.17383,0,-6.78555,-2.83455,1,0,0
6648.5,1.04222,0.015045,-49924.2,-7.176,0,-5.11695,-1.45885,1,0,0
6649,1.04222,0.0144803,-49924.2,-7.17654,0,-5.53104,-1.91857,1,0,0
6650,1.04222,0.0133512,-49924.2,-7.17762,0,-3.66345,-1,1,0,0
6650,1.04222,0.0133512,-49924.2,-7.17762,0,-5.50652,-0.540569,1,0,0
6649.5,1.04222,0.0139157,-49924.2,-7.17708,0,-5.84117,-1,1,0,0
6649.5,1.04222,0.0139157,-49924.2,-7.17708,0,-6.21378,-1,1,0,0
6649.5,1.04222,0.0139157,-49924.2,-7.17708,0,-5.4151,-1,1,0,0
6649.5,1.04222,0.0139157,-49924.2,-7.17708,0,-3.47198,-1.45943,1,0,0
6650,1.04222,0.0133512,-49924.2,-7.17762,0,-4.672,-1,1,0,0
6650,1.04222,0.0133512,-49924.2,-7.17762,0,-4.21293,-0.540569,1,0,0
6649.5,1.04222,0.0139157,-49924.2,-7.17708,0,-3.90381,-1,1,0,0
6649.5,1.04222,0.0139157,-49924.2,-7.17708,0,-3.64682,-1,1,0,0
6649.5,1.04222,0.0139157,-49924.2,-7.17708,0,-5.39711,-1.45943,1,0,0
6650,1.04222,0.0133512,-49924.2,-7.17762,0,-6.24092,-0.540569,1,0,0
6649.5,1.04222,0.0139157,-49924.2,-7.17708,0,-6.50538,-1,1,0,0
6649.5,1.04222,0.0139157,-49924.2,-7.17708,0,-3.10012,-1,1,0,0
6649.5,1.04222,0.0139157,-49924.2,-7.17708,0,-3.82796,-1,1,0,0
6649.5,1.04222,0.0139157,-49924.2,-7.17708,0,-3.19294,-1,1,0,0
6649.5,1.04222,0.0139157,-49924.2,-7.17708,0,-3.77672,-8.83978,1,0,0
6658,1.04222,0.0043306,-49924.2,-7.18628,0,-4.00361,-1,1,0,0
6658,1.04222,0.0043306,-49924.2,-7.18628,0,-3.95074,-1,1,0,0
6658,1.04222,0.0043306,-49924.2,-7.18628,0,-3.91094,-1,1,0,0
6658,1.04222,0.0043306,-49924.2,-7.18628,0,-3.49732,-1,1,0,0
6658,1.04222,0.0043306,-49924.2,-7.18628,0,-3.62047,-1,1,0,0
6658,1.04222,0.0043306,-49924.2,-7.18628,0,-5.75513,-1,1,0,0
6658,1.04222,0.0043306,-49924.2,-7.18628,0,-5.47539,-1,1,0,0
6658,1.04222,0.0043306,-49924.2,-7.18628,0,-4.28841,-1,1,0,0
6658,1.04222,0.0043306,-49924.2,-7.18628,0,-4.84953,-1,1,0,0
6658,1.04222,0.0043306,-49924.2,-7.18628,0,-4.21729,-0.537259,1,0,0
6657.5,1.04222,0.00489376,-49924.2,-7.18574,0,-4.10048,0.38784,1,0,0
6656,1.04222,0.00658372,-49924.2,-7.18411,0,-4.92785,2.68982,1,0,0
6652,1.04222,0.011094,-49924.2,-7.17979,0,-4.39341,-0.539401,1,0,0
6651.5,1.04222,0.0116582,-49924.2,-7.17925,0,-4.58932,-1,1,0,0
6651.5,1.04222,0.0116582,-49924.2,-7.17925,0,-4.85932,-1,1,0,0
6651.5,1.04222,0.0116582,-49924.2,-7.17925,0,-5.80707,-1,1,0,0
6651.5,1.04222,0.0116582,-49924.2,-7.17925,0,-5.83419,-1.4606,1,0,0
6652,1.04222,0.011094,-49924.2,-7.17979,0,-4.55731,-0.539401,1,0,0
6651.5,1.04222,0.0116582,-49924.2,-7.17925,0,-3.3836,-1,1,0,0
6651.5,1.04222,0.0116582,-49924.2,-7.17925,0,-2.91299,0.838785,1,0,0
6649.5,1.05055,0.00657611,-23592.5,-3.36476,26331.7,-3.40427,0.468353,0,1,0
6648,1.05055,0.00737665,-23592.5,-3.364,0,-1.12867,-1.70863,1,0,0
6650,1.05055,0.00630934,-23592.5,-3.36501,0,-3.07722,-0.822818,1,0,0
6649.5,1.05055,0.00657611,-23592.5,-3.36476,0,-1.88425,-1,1,0,0
6649.5,1.05055,0.00657611,-23592.5,-3.36476,0,-2.21312,-1,1,0,0
6649.5,1.05055,0.00657611,-23592.5,-3.36476,0,-1.39953,-1,1,0,0
6649.5,1.05055,0.00657611,-23592.5,-3.36476,0,-2.42381,-0.645845,1,0,0
6648.5,1.05876,0,5436.86,0.772376,29029.4,0.778406,-0.234957,0,1,0
6647.5,1.05876,-0.000123017,5436.86,0.772492,0,1.42537,-1,1,0,0
6647.5,1.05876,-0.000123017,5436.86,0.772492,0,-1.09436,-1.13336,1,0,0
6647,1.05876,-0.00018454,5436.86,0.77255,0,0.0474615,-1.53347,1,0,0
6645,1.05876,-0.000430722,5436.86,0.772783,-16966,-1.63873,-1,0,1,0
6645,1.05876,-0.000430722,5436.86,0.772783,0,0.18697,-1,1,0,0
6645,1.05876,-0.000430722,5436.86,0.772783,0,-1.0654,-0.866599,1,0,0
6645.5,1.05876,-0.000369163,5436.86,0.772725,0,1.27026,-1.4003,1,0,0
6644,1.05876,-0.000553869,5436.86,0.772899,1248.53,0.950388,-1,0,1,0
6644,1.05876,-0.000553869,5436.86,0.772899,1082.81,0.926831,-1,0,1,0
6644,1.05876,-0.000553869,5436.86,0.772899,0,0.74022,-1.66745,1,0,0
6641.5,1.05876,-0.000861899,5436.86,0.77319,0,-0.242932,-1,1,0,0
6641.5,1.05876,-0.000861899,5436.86,0.77319,768.556,0.882488,-1.13355,0,1,0
6641,1.05876,-0.000923533,5436.86,0.773248,0,1.09075,-1,1,0,0
6641,1.05876,-0.000923533,5436.86,0.773248,0,1.32462,-0.866452,1,0,0
6641.5,1.05876,-0.000861899,5436.86,0.77319,0,0.469595,-1,1,0,0
6641.5,1.05876,-0.000861899,5436.86,0.77319,-3239.74,0.312458,-1,0,1,0
6641.5,1.05876,-0.000861899,5436.86,0.77319,1348.59,0.964976,-1,0,1,0
6641.5,1.05876,-0.000861899,5436.86,0.77319,0,1.53702,-1,1,0,0
6641.5,1.05876,-0.000861899,5436.86,0.77319,0,1.09668,-1,1,0,0
6641.5,1.05876,-0.000861899,5436.86,0.77319,0,0.651404,-1,1,0,0
6641.5,1.05876,-0.000861899,5436.86,0.77319,0,0.637727,-0.866461,1,0,0
6642,1.05876,-0.000800274,5436.86,0.773132,0,0.79832,-0.866545,1,0,0
6642.5,1.05868,-0.000636908,4687.93,0.666628,-748.932,0.666582,-0.596958,0,1,0
6644,1.05868,-0.000477573,4687.93,0.666478,-6180.67,-0.212222,-1,0,1,0
6644,1.05868,-0.000477573,4687.93,0.666478,0,-0.33991,-1.12541,1,0,0
6643.5,1.05868,-0.000530677,4687.93,0.666528,0,0.769179,-1,1,0,0
6643.5,1.05868,-0.000530677,4687.93,0.666528,0,-0.841083,-1.12549,1,0,0
6643,1.05868,-0.000583789,4687.93,0.666578,0,0.373502,-0.874513,1,0,0
6643.5,1.05868,-0.000530677,4687.93,0.666528,0,-0.744548,-1.12549,1,0,0
6643,1.05868,-0.000583789,4687.93,0.666578,0,-0.23618,-1.62756,1,0,0
6640.5,1.05868,-0.000849467,4687.93,0.666829,-7335.45,-0.376593,-1,0,1,0
6640.5,1.05868,-0.000849467,4687.93,0.666829,0,-0.0245955,-1,1,0,0
6640.5,1.05868,-0.000849467,4687.93,0.666829,0,-0.609743,-1,1,0,0
6640.5,1.05868,-0.000849467,4687.93,0.666829,0,-0.472563,-1,1,0,0
6640.5,1.05868,-0.000849467,4687.93,0.666829,-5005.18,-0.0451264,-0.874407,0,1,0
6641,1.05868,-0.000796315,4687.93,0.666779,0,-0.752776,-1.12559,1,0,0
6640.5,1.05868,-0.000849467,4687.93,0.666829,0,-0.146916,-1,1,0,0
6640.5,1.05868,-0.000849467,4687.93,0.666829,-6308.91,-0.230574,-1,0,1,0
6640.5,1.05868,-0.000849467,4687.93,0.666829,0,0.281119,-0.874407,1,0,0
6641,1.05868,-0.000796315,4687.93,0.666779,0,-1.04453,-1,1,0,0
6641,1.05868,-0.000796315,4687.93,0.666779,-5689.38,-0.142439,-1,0,1,0
6641,1.05868,-0.000796315,4687.93,0.666779,-6848.7,-0.307333,-1,0,1,0
6641,1.05868,-0.000796315,4687.93,0.666779,0,0.339281,-1,1,0,0
6641,1.05808,-0,-486.484,-0.0692335,-5174.41,-0.0691942,-0.53564,0,1,0
6643,1.05808,-2.20547e-05,-486.484,-0.0692544,0,0.026605,-1,1,0,0
6643,1.05808,-2.20547e-05,-486.484,-0.0692544,0,-0.637042,-0.929948,1,0,0
6643.5,1.05808,-2.75663e-05,-486.484,-0.0692596,-7332.97,-1.1124,-1,0,1,0
6643.5,1.05808,-2.75663e-05,-486.484,-0.0692596,-2091.1,-0.366688,-1.07005,0,1,0
6643,1.05808,-2.20547e-05,-486.484,-0.0692544,-2264.33,-0.391361,-1,0,1,0
6643,1.05808,-2.20547e-05,-486.484,-0.0692544,0,-1.27264,-1,1,0,0
6643,1.05808,-2.20547e-05,-486.484,-0.0692544,0,0.520499,-0.929948,1,0,0
6643.5,1.05808,-2.75663e-05,-486.484,-0.0692596,0,-0.332799,-1.07005,1,0,0
6643,1.05808,-2.20547e-05,-486.484,-0.0692544,0,-0.380682,-0.929948,1,0,0
6643.5,1.05808,-2.75663e-05,-486.484,-0.0692596,0,1.03533,-1,1,0,0
6643.5,1.05808,-2.75663e-05,-486.484,-0.0692596,0,0.579305,-1,1,0,0
6643.5,1.05808,-2.75663e-05,-486.484,-0.0692596,0,1.45467,-1,1,0,0
6643.5,1.05808,-2.75663e-05,-486.484,-0.0692596,15584.1,2.14779,-1,0,1,0
6643.5,1.05808,-2.75663e-05,-486.484,-0.0692596,2504.4,0.28707,-1,0,1,0
6643.5,1.05808,-2.75663e-05,-486.484,-0.0692596,8333.07,1.11626,-1,0,1,0
6643.5,1.05808,-2.75663e-05,-486.484,-0.0692596,0,0.839365,-0.929947,1,0,0
6644,1.05808,-3.30771e-05,-486.484,-0.0692648,0,0.217245,-1,1,0,0
6644,1.05808,-3.30771e-05,-486.484,-0.0692648,15543.6,2.14187,-0.859917,0,1,0
6645,1.05808,-4.40961e-05,-486.484,-0.0692752,0,1.07663,-0.859933,1,0,0
6646,1.05808,-5.51119e-05,-486.484,-0.0692856,0,2.48425,-1,1,0,0
6646,1.05808,-5.51119e-05,-486.484,-0.0692856,0,0.741258,-0.859949,1,0,0
6647,1.05808,-6.61243e-05,-486.484,-0.069296,0,2.81652,-1,1,0,0
6647,1.05808,-6.61243e-05,-486.484,-0.069296,0,0.712691,-1,1,0,0
6647,1.05808,-6.61243e-05,-486.484,-0.069296,0,1.17775,-0.929987,1,0,0
6647.5,1.05808,-7.16292e-05,-486.484,-0.0693012,0,1.7206,-1.07001,1,0,0
6647,1.05808,-6.61243e-05,-486.484,-0.069296,0,0.821467,-1,1,0,0
6647,1.05808,-6.61243e-05,-486.484,-0.069296,0,0.960826,-1,1,0,0
6647,1.05808,-6.61243e-05,-486.484,-0.069296,0,-0.475378,-0.929987,1,0,0
6647.5,1.05808,-7.16292e-05,-486.484,-0.0693012,0,-0.334668,-1.07001,1,0,0
6647,1.05808,-6.61243e-05,-486.484,-0.069296,0,-0.404492,-0.929987,1,0,0
6647.5,1.05808,-7.16292e-05,-486.484,-0.0693012,0,-1.34602,-1,1,0,0
6647.5,1.05808,-7.16292e-05,-486.484,-0.0693012,0,0.605322,-1,1,0,0
6647.5,1.05808,-7.16292e-05,-486.484,-0.0693012,0,0.795436,-1,1,0,0
6647.5,1.05808,-7.16292e-05,-486.484,-0.0693012,0,1.10036,-1.07001,1,0,0
6647,1.05808,-6.61243e-05,-486.484,-0.069296,0,-0.106132,-1,1,0,0
6647,1.05808,-6.61243e-05,-486.484,-0.069296,0,0.774226,-1,1,0,0
6647,1.05808,-6.61243e-05,-486.484,-0.069296,0,1.11179,-0.929987,1,0,0
6647.5,1.05808,-7.16292e-05,-486.484,-0.0693012,0,1.4923,-1.07001,1,0,0
6647,1.05808,-6.61243e-05,-486.484,-0.069296,0,1.48147,-1,1,0,0
6647,1.05808,-6.61243e-05,-486.484,-0.069296,2292.73,0.256822,-0.929987,0,1,0
6647.5,1.05808,-7.16292e-05,-486.484,-0.0693012,0,0.914782,-1.07001,1,0,0
6647,1.05808,-6.61243e-05,-486.484,-0.069296,0,1.38444,-1,1,0,0
6647,1.05808,-6.61243e-05,-486.484,-0.069296,0,2.27433,-1,1,0,0
6647,1.05808,-6.61243e-05,-486.484,-0.069296,0,2.52943,-1,1,0,0
6647,1.05808,-6.61243e-05,-486.484,-0.069296,0,2.6637,-1.7705,1,0,0
6641.5,1.05808,-5.51492e-06,-486.484,-0.0692388,0,1.707,-1,1,0,0
6641.5,1.05808,-5.51492e-06,-486.484,-0.0692388,0,2.76753,-1.07007,1,0,0
6641,1.05808,-0,-486.484,-0.0692335,0,0.706696,-1,1,0,0
6641,1.05808,-0,-486.484,-0.0692335,11754.3,1.60357,-1,0,1,0
6641,1.05808,-0,-486.484,-0.0692335,0,2.47624,-1.35045,1,0,0
6638.5,1.05808,2.75871e-05,-486.484,-0.0692075,0,2.09756,-1,1,0,0
6638.5,1.05808,2.75871e-05,-486.484,-0.0692075,15786.1,2.17817,-1,0,1,0
6638.5,1.05808,2.75871e-05,-486.484,-0.0692075,0,1.87349,-1,1,0,0
6638.5,1.05808,2.75871e-05,-486.484,-0.0692075,0,2.54729,-0.929897,1,0,0
6639,1.05808,2.2068e-05,-486.484,-0.0692127,0,1.91702,-1.0701,1,0,0
6638.5,1.05808,2.75871e-05,-486.484,-0.0692075,0,3.24869,-1,1,0,0
6638.5,1.05808,2.75871e-05,-486.484,-0.0692075,0,2.59766,-0.929897,1,0,0
6639,1.05808,2.2068e-05,-486.484,-0.0692127,0,2.29936,-1.0701,1,0,0
6638.5,1.05808,2.75871e-05,-486.484,-0.0692075,0,2.89798,-1,1,0,0
6638.5,1.05808,2.75871e-05,-486.484,-0.0692075,0,2.68657,-0.929897,1,0,0
6639,1.05808,2.2068e-05,-486.484,-0.0692127,0,3.23043,-1,1,0,0
6639,1.05808,2.2068e-05,-486.484,-0.0692127,0,2.38411,-1,1,0,0
6639,1.05808,2.2068e-05,-486.484,-0.0692127,0,1.42494,-1.0701,1,0,0
6638.5,1.05808,2.75871e-05,-486.484,-0.0692075,17259.9,2.38799,-1,0,1,0
6638.5,1.05808,2.75871e-05,-486.484,-0.0692075,0,1.54039,-1,1,0,0
6638.5,1.05808,2.75871e-05,-486.484,-0.0692075,0,2.66474,-0.929897,1,0,0
6639,1.05808,2.2068e-05,-486.484,-0.0692127,0,0.870575,-1,1,0,0
6639,1.05808,2.2068e-05,-486.484,-0.0692127,0,1.56592,-1,1,0,0
6639,1.05808,2.2068e-05,-486.484,-0.0692127,0,2.14051,-1.0701,1,0,0
6638.5,1.05808,2.75871e-05,-486.484,-0.0692075,0,2.48569,-0.929897,1,0,0
6639,1.05808,2.2068e-05,-486.484,-0.0692127,0,1.34702,-1,1,0,0
6639,1.05808,2.2068e-05,-486.484,-0.0692127,0,2.92635,-1.0701,1,0,0
6638.5,1.05808,2.75871e-05,-486.484,-0.0692075,0,1.97712,-0.929897,1,0,0
6639,1.05808,2.2068e-05,-486.484,-0.0692127,0,1.82378,-1,1,0,0
6639,1.05808,2.2068e-05,-486.484,-0.0692127,0,1.74685,-1,1,0,0
6639,1.05808,2.2068e-05,-486.484,-0.0692127,0,0.979555,-1,1,0,0
6639,1.05808,2.2068e-05,-486.484,-0.0692127,0,2.87963,-1,1,0,0
6639,1.05808,2.2068e-05,-486.484,-0.0692127,0,1.7053,-1,1,0,0
6639,1.05808,2.2068e-05,-486.484,-0.0692127,0,2.87144,-1.0701,1,0,0
6638.5,1.05808,2.75871e-05,-486.484,-0.0692075,0,2.06807,-1,1,0,0
6638.5,1.05808,2.75871e-05,-486.484,-0.0692075,0,3.49793,-1,1,0,0
6638.5,1.05808,2.75871e-05,-486.484,-0.0692075,0,1.9602,-0.929897,1,0,0
6639,1.05808,2.2068e-05,-486.484,-0.0692127,0,3.63899,-0.719656,1,0,0
6641,1.05808,-0,-486.484,-0.0692335,0,3.24625,-0.929925,1,0,0
6641.5,1.05808,-5.51492e-06,-486.484,-0.0692388,0,2.87074,-0.789803,1,0,0
6643,1.05808,-2.20547e-05,-486.484,-0.0692544,0,3.16936,-1,1,0,0
6643,1.05808,-2.20547e-05,-486.484,-0.0692544,0,1.45949,-1,1,0,0
6643,1.05808,-2.20547e-05,-486.484,-0.0692544,0,1.65239,-1,1,0,0
6643,1.05808,-2.20547e-05,-486.484,-0.0692544,0,2.51259,-1,1,0,0
6643,1.05808,-2.20547e-05,-486.484,-0.0692544,0,2.52824,-1,1,0,0
6643,1.05808,-2.20547e-05,-486.484,-0.0692544,26573.7,3.71146,-1,0,1,0
6643,1.05808,-2.20547e-05,-486.484,-0.0692544,0,1.88493,-1,1,0,0
6643,1.05808,-2.20547e-05,-486.484,-0.0692544,20219.7,2.80747,-1,0,1,0
6643,1.05808,-2.20547e-05,-486.484,-0.0692544,0,1.13,-1.07006,1,0,0
6642.5,1.05808,-1.65423e-05,-486.484,-0.0692492,0,1.27146,-0.929942,1,0,0
6643,1.05808,-2.20547e-05,-486.484,-0.0692544,0,0.657285,-1.07006,1,0,0
6642.5,1.05808,-1.65423e-05,-486.484,-0.0692492,0,0.416077,-1,1,0,0
6642.5,1.05808,-1.65423e-05,-486.484,-0.0692492,0,1.17089,-1,1,0,0
6642.5,1.05808,-1.65423e-05,-486.484,-0.0692492,0,1.62094,-0.929942,1,0,0
6643,1.05808,-2.20547e-05,-486.484,-0.0692544,0,1.24822,-1.07006,1,0,0
6642.5,1.05808,-1.65423e-05,-486.484,-0.0692492,0,1.80389,-0.929942,1,0,0
6643,1.05808,-2.20547e-05,-486.484,-0.0692544,0,1.89146,-1,1,0,0
6643,1.05808,-2.20547e-05,-486.484,-0.0692544,0,1.41764,-1.07006,1,0,0
6642.5,1.05808,-1.65423e-05,-486.484,-0.0692492,0,3.24547,-0.789837,1,0,0
6644,1.05808,-3.30771e-05,-486.484,-0.0692648,0,2.81064,-0.929952,1,0,0
6644.5,1.05808,-3.8587e-05,-486.484,-0.06927,0,2.43344,-0.719867,1,0,0
6646.5,1.05808,-6.06185e-05,-486.484,-0.0692908,0,2.55816,-1,1,0,0
6646.5,1.05808,-6.06185e-05,-486.484,-0.0692908,0,1.76684,-0.859968,1,0,0
6647.5,1.05808,-7.16292e-05,-486.484,-0.0693012,0,2.76453,-1,1,0,0
6647.5,1.05808,-7.16292e-05,-486.484,-0.0693012,0,2.96539,-0.789981,1,0,0
6649,1.05808,-8.81392e-05,-486.484,-0.0693168,0,1.89263,-0.930003,1,0,0
6649.5,1.05808,-9.36408e-05,-486.484,-0.069322,0,0.986361,-1.07,1,0,0
6649,1.05808,-8.81392e-05,-486.484,-0.0693168,0,2.51221,-1,1,0,0
6649,1.05808,-8.81392e-05,-486.484,-0.0693168,0,1.92888,-1,1,0,0
6649,1.05808,-8.81392e-05,-486.484,-0.0693168,0,1.47865,-0.930003,1,0,0
6649.5,1.05808,-9.36408e-05,-486.484,-0.069322,0,1.28508,-1,1,0,0
6649.5,1.05808,-9.36408e-05,-486.484,-0.069322,9068.66,1.2198,-1.07,0,1,0
6649,1.05808,-8.81392e-05,-486.484,-0.0693168,0,1.32465,-0.930003,1,0,0
6649.5,1.05808,-9.36408e-05,-486.484,-0.069322,0,1.00694,-1,1,0,0
6649.5,1.05808,-9.36408e-05,-486.484,-0.069322,0,0.838083,-1,1,0,0
6649.5,1.05808,-9.36408e-05,-486.484,-0.069322,0,1.5277,-1,1,0,0
6649.5,1.05808,-9.36408e-05,-486.484,-0.069322,0,0.720185,-1,1,0,0
6649.5,1.05808,-9.36408e-05,-486.484,-0.069322,0,-0.515733,-1,1,0,0
6649.5,1.05808,-9.36408e-05,-486.484,-0.069322,0,2.35403,-1.07,1,0,0
6649,1.05808,-8.81392e-05,-486.484,-0.0693168,0,1.89764,-0.440167,1,0,0
6653,1.05808,-0.000132129,-486.484,-0.0693584,0,1.48163,-0.7202,1,0,0
6655,1.05808,-0.000154105,-486.484,-0.0693792,0,2.55645,-1,1,0,0
6655,1.05808,-0.000154105,-486.484,-0.0693792,21370.6,2.96586,-1,0,1,0
6655,1.05808,-0.000154105,-486.484,-0.0693792,0,3.68266,-0.790203,1,0,0
6656.5,1.05808,-0.000170577,-486.484,-0.0693948,21708.6,3.01317,-0.860161,0,1,0
6657.5,1.05808,-0.000181555,-486.484,-0.0694051,12470.8,1.70131,-0.440831,0,1,0
6661.5,1.05808,-0.000225433,-486.484,-0.0694466,29496,4.11575,-1.06987,0,1,0
6661,1.05808,-0.000219951,-486.484,-0.0694414,28565.6,3.98405,-0.930125,0,1,0
6661.5,1.05808,-0.000225433,-486.484,-0.0694466,13741.7,1.8806,-1,0,1,0
6661.5,1.05808,-0.000225433,-486.484,-0.0694466,28190.3,3.93051,-1,0,1,0
6661.5,1.05808,-0.000225433,-486.484,-0.0694466,37335.6,5.22801,-0.930124,0,1,0
6662,1.05808,-0.000230914,-486.484,-0.0694518,41141.4,5.76752,-1.06988,0,1,0
6661.5,1.05808,-0.000225433,-486.484,-0.0694466,47147,6.62001,-0.930124,0,1,0
6662,1.05808,-0.000230914,-486.484,-0.0694518,25463.4,3.54336,-1,0,1,0
6662,1.05808,-0.000230914,-486.484,-0.0694518,36835.1,5.15661,-1.06988,0,1,0
6661.5,1.05808,-0.000225433,-486.484,-0.0694466,29647.2,4.13721,-0.930124,0,1,0
6662,1.05808,-0.000230914,-486.484,-0.0694518,30601.5,4.27229,-0.860266,0,1,0
6663,1.05808,-0.000241873,-486.484,-0.0694621,38920.5,5.45164,-1.06986,0,1,0
6662.5,1.05808,-0.000236394,-486.484,-0.069457,44971.6,6.31043,-0.930136,0,1,0
6663,1.05808,-0.000241873,-486.484,-0.0694621,43619,6.1181,-1.06986,0,1,0
6662.5,1.05808,-0.000236394,-486.484,-0.069457,32593.2,4.5545,-0.650728,0,1,0
6665,1.05808,-0.000263783,-486.484,-0.0694828,28201.5,3.93003,-1,0,1,0
6665,1.05808,-0.000263783,-486.484,-0.0694828,30868.9,4.30827,-1.06984,0,1,0
6664.5,1.05854,0,18557.9,2.6306,19044.4,2.63173,-1.41501,0,1,0
6662.5,1.05854,-0.000835899,18557.9,2.63139,0,1.84932,-1,1,0,0
6662.5,1.05854,-0.000835899,18557.9,2.63139,0,4.32134,-0.727357,1,0,0
6663,1.05854,-0.000626877,18557.9,2.63119,0,4.70878,-1,1,0,0
6663,1.05854,-0.000626877,18557.9,2.63119,0,2.81691,-1.27264,1,0,0
6662.5,1.05854,-0.000835899,18557.9,2.63139,0,3.20031,-0.727357,1,0,0
6663,1.05854,-0.000626877,18557.9,2.63119,0,2.02743,-1.27264,1,0,0
6662.5,1.05854,-0.000835899,18557.9,2.63139,0,3.61274,-0.454759,1,0,0
6663.5,1.05854,-0.000417887,18557.9,2.631,0,3.35083,0.361811,1,0,0
6666,1.05854,0.000626595,18557.9,2.63001,0,2.34427,-0.183907,1,0,0
6667.5,1.05854,0.00125291,18557.9,2.62942,0,1.32957,-1,1,0,0
6667.5,1.05854,0.00125291,18557.9,2.62942,6290.12,3.52065,-1.27199,0,1,0
6667,1.05854,0.00104417,18557.9,2.62961,6865.39,3.60243,-1,0,1,0
6667,1.05854,0.00104417,18557.9,2.62961,0,3.88061,-0.728013,1,0,0
6667.5,1.05854,0.00125291,18557.9,2.62942,0,-0.487372,-0.184561,1,0,0
6669,1.0598,0.000956657,9448.7,1.33686,-9109.19,1.33846,0.721928,0,1,0
6673,1.0598,0.00180593,9448.7,1.33606,19987.3,4.1623,-0.825221,0,1,0
6673.5,1.0598,0.00191202,9448.7,1.33596,12303.7,3.0756,-0.825107,0,1,0
6674,1.0598,0.0020181,9448.7,1.33586,7741.71,2.43039,-1,0,1,0
6674,1.0598,0.0020181,9448.7,1.33586,-11397.9,-0.275578,-1.34967,0,1,0
6673,1.0598,0.00180593,9448.7,1.33606,0,4.14173,-0.825221,1,0,0
6673.5,1.0598,0.00191202,9448.7,1.33596,0,-0.616544,-1.17478,1,0,0
6673,1.0598,0.00180593,9448.7,1.33606,3524.54,1.83444,-0.650328,0,1,0
6674,1.0598,0.0020181,9448.7,1.33586,-7447.13,0.282982,-1.17489,0,1,0
6673.5,1.0598,0.00191202,9448.7,1.33596,0,1.64608,-1,1,0,0
6673.5,1.0598,0.00191202,9448.7,1.33596,6271.15,2.22265,-1,0,1,0
6673.5,1.0598,0.00191202,9448.7,1.33596,13065,3.18323,-1.17478,0,1,0
6673,1.0598,0.00180593,9448.7,1.33606,0,1.1702,-1,1,0,0
6673,1.0598,0.00180593,9448.7,1.33606,0,2.77577,-1,1,0,0
6673,1.0598,0.00180593,9448.7,1.33606,0,0.881994,-1,1,0,0
6673,1.0598,0.00180593,9448.7,1.33606,-17179.1,-1.09309,-2.04978,0,1,0
6670,1.0598,0.00116907,9448.7,1.33666,0,-0.0529071,-1,1,0,0
6670,1.0598,0.00116907,9448.7,1.33666,-10894.8,-0.204568,-1,0,1,0
6670,1.0598,0.00116907,9448.7,1.33666,-2079.95,1.04242,-1,0,1,0
6670,1.0598,0.00116907,9448.7,1.33666,-2278.14,1.01438,-1,0,1,0
6670,1.0598,0.00116907,9448.7,1.33666,5093.77,2.05725,-1,0,1,0
6670,1.06012,0.00116862,17907.5,2.53254,8458.84,2.5333,-2.29048,0,1,0
6667,1.06012,-3.9478e-05,17907.5,2.53368,0,2.6756,-1,1,0,0
6667,1.06012,-3.9478e-05,17907.5,2.53368,8625.36,3.75405,-1,0,1,0
6667,1.06012,-3.9478e-05,17907.5,2.53368,0,3.99468,-1,1,0,0
