last_price,wallet,upnl,position_contracts,position_leverage,order_contracts,order_leverage,order_idle,order_limit,order_market,reward
9533,1,0,0,0,0,1.63315,-1,1,0,0
9536.5,1,0,0,0,19569.6,2.05208,-1,0,1,0
9536.5,1,0,0,0,24147.3,2.53209,-1,0,1,0
9536.5,1,0,0,0,30853.1,3.23526,-1.05243,0,1,0
9536,1,0,0,0,-9287.85,-0.973978,-0.947568,0,1,0
9536.5,0.998708,-9.0353e-05,16435.1,1.72562,16435.1,1.72339,-2.38375,0,0,1
9536.5,0.998708,-9.0353e-05,16435.1,1.72562,16400.6,3.44763,-1.14296,0,1,0
9536,0.998708,-0.000180716,16435.1,1.72571,0,1.85361,-1,1,0,0
9536,0.998708,-0.000180716,16435.1,1.72571,11689.8,2.95316,-0.857036,0,1,0
9536.5,0.998708,-9.0353e-05,16435.1,1.72562,0,2.68522,-1.14296,1,0,0
9536,0.998708,-0.000180716,16435.1,1.72571,-19956.6,-0.369763,-0.857036,0,1,0
9536.5,0.999306,-9.03558e-05,39282.8,4.12206,22847.6,4.12453,-2.01304,0,1,0
9533.5,0.999306,-0.00138659,39282.8,4.12336,0,4.66734,-1.26929,1,0,0
9533,0.999306,-0.0016027,39282.8,4.12357,0,4.57964,-1,1,0,0
9533,0.999306,-0.0016027,39282.8,4.12357,-17356.5,2.30164,-0.730712,0,1,0
9533.5,0.999306,-0.00138659,39282.8,4.12336,0,4.07772,-1,1,0,0
9533.5,0.999306,-0.00138659,39282.8,4.12336,5336.45,4.6835,-0.193293,0,1,0
9535,0.999306,-0.000738369,39282.8,4.12271,455.31,4.17049,-1,0,1,0
9535,0.999306,-0.000738369,39282.8,4.12271,-29941.3,0.980381,-0.731483,0,1,0
9535.5,0.999306,-0.000522342,39282.8,4.12249,0,4.77395,-1.26852,1,0,0
9535,0.999306,-0.000738369,39282.8,4.12271,5476.52,4.69747,-1,0,1,0
9535,0.999306,-0.000738369,39282.8,4.12271,-12329.7,2.82871,-1.26885,0,1,0
9534.5,0.999539,-0.000954459,48149.8,5.05239,8867.04,5.05357,-2.99335,0,1,0
9531,0.999539,-0.00280896,48149.8,5.05425,0,4.75386,-1,1,0,0
9531,0.999539,-0.00280896,48149.8,5.05425,0,4.69573,-0.681502,1,0,0
9531.5,0.999539,-0.00254394,48149.8,5.05398,-20073.9,2.94695,-1.3185,0,1,0
9531,0.999539,-0.00280896,48149.8,5.05425,0,3.21178,-1,1,0,0
9531,0.999539,-0.00280896,48149.8,5.05425,-21217.1,2.82711,-1,0,1,0
9531,0.999539,-0.00280896,48149.8,5.05425,-22339.5,2.70929,-1,0,1,0
9531,0.999539,-0.00280896,48149.8,5.05425,-19463.1,3.01122,-1,0,1,0
9531,0.999539,-0.00280896,48149.8,5.05425,-23259,2.61277,-0.681502,0,1,0
9531.5,0.999539,-0.00254394,48149.8,5.05398,0,3.45966,-1,1,0,0
9531.5,0.999539,-0.00254394,48149.8,5.05398,2490.53,5.3154,-1.3185,0,1,0
9531,0.999539,-0.00280896,48149.8,5.05425,0,4.76695,-1,1,0,0
9531,0.999539,-0.00280896,48149.8,5.05425,-3341.48,4.70349,-1,0,1,0
9531,0.999539,-0.00280896,48149.8,5.05425,4638.87,5.54118,-0.681502,0,1,0
9531.5,0.999539,-0.00254394,48149.8,5.05398,-1868.47,4.85786,-1.3185,0,1,0
9531,0.999539,-0.00280896,48149.8,5.05425,-2740.68,4.76656,-0.681502,0,1,0
9531.5,0.999539,-0.00254394,48149.8,5.05398,-8658.12,4.14519,-1,0,1,0
9531.5,0.999539,-0.00254394,48149.8,5.05398,-510.191,5.00043,-1,0,1,0
9531.5,0.999539,-0.00254394,48149.8,5.05398,0,4.61944,-1,1,0,0
9531.5,0.999539,-0.00254394,48149.8,5.05398,-12572.3,3.73435,-1,0,1,0
9531.5,0.999539,-0.00254394,48149.8,5.05398,0,4.48837,-1,1,0,0
9531.5,0.999539,-0.00254394,48149.8,5.05398,787.795,5.13667,-1.3185,0,1,0
9531,0.999539,-0.00280896,48149.8,5.05425,-4205.46,4.6128,-1,0,1,0
9531,0.999539,-0.00280896,48149.8,5.05425,-709.418,4.97978,-1,0,1,0
9531,0.999539,-0.00280896,48149.8,5.05425,0,4.72473,-1,1,0,0
9531,0.999539,-0.00280896,48149.8,5.05425,6754.83,5.76329,-1,0,1,0
9531,0.999539,-0.00280896,48149.8,5.05425,0,4.89599,-1.63687,1,0,0
9530,0.999539,-0.00333906,48149.8,5.05478,0,5.63294,-0.681355,1,0,0
9530.5,0.999539,-0.003074,48149.8,5.05451,-13915.5,3.59374,-1,0,1,0
9530.5,0.999539,-0.003074,48149.8,5.05451,0,4.82523,-1.31865,1,0,0
9530,0.999539,-0.00333906,48149.8,5.05478,-8383.39,4.17469,-1.31872,0,1,0
9529.5,0.99962,-0.00360431,51240.2,5.37905,3090.35,5.37948,-2.26235,0,1,0
9527.5,0.99962,-0.00473305,51240.2,5.38018,0,4.90484,-2.00922,1,0,0
9526,0.99962,-0.00557991,51240.2,5.38102,0,2.35784,-0.663261,1,0,0
9526.5,0.99962,-0.00529759,51240.2,5.38074,-20000.2,3.28051,-1,0,1,0
9526.5,0.99962,-0.00529759,51240.2,5.38074,0,4.83599,-1,1,0,0
9526.5,0.99962,-0.00529759,51240.2,5.38074,0,4.83471,-1,1,0,0
9526.5,0.99962,-0.00529759,51240.2,5.38074,-3672.04,4.99514,-1,0,1,0
9526.5,0.99962,-0.00529759,51240.2,5.38074,0,4.25965,-1,1,0,0
9526.5,0.99962,-0.00529759,51240.2,5.38074,0,5.39852,-1,1,0,0
9526.5,0.99962,-0.00529759,51240.2,5.38074,0,3.08644,1.35184,1,0,0
9530,0.99962,-0.0033222,51240.2,5.37877,0,3.88953,-1.33578,1,0,0
9529.5,0.99962,-0.00360431,51240.2,5.37905,0,3.97187,-0.664218,1,0,0
9530,0.99962,-0.0033222,51240.2,5.37877,0,4.05834,2.35065,1,0,0
9535,0.99962,-0.000502738,51240.2,5.37594,0,4.08837,-1,1,0,0
9535,0.99962,-0.000502738,51240.2,5.37594,5564.55,5.95976,-1,0,1,0
9535,0.99962,-0.000502738,51240.2,5.37594,-40292.4,1.1486,-1,0,1,0
9535,0.99962,-0.000502738,51240.2,5.37594,0,4.97459,-1,1,0,0
9535,0.99962,-0.000502738,51240.2,5.37594,-12080.4,4.1085,-1,0,1,0
9535,0.99962,-0.000502738,51240.2,5.37594,-25335.1,2.71788,-3.34417,0,1,0
9531.5,0.99962,-0.00247605,51240.2,5.37792,-7842.59,4.5548,-1.33553,0,1,0
9531,0.99962,-0.00275807,51240.2,5.3782,0,4.3628,-1,1,0,0
9531,0.99962,-0.00275807,51240.2,5.3782,0,5.68677,-1,1,0,0
9531,0.99962,-0.00275807,51240.2,5.3782,-7477.58,4.59335,-0.664467,0,1,0
9531.5,0.99962,-0.00247605,51240.2,5.37792,-2745.61,5.08975,-1.33553,0,1,0
9531,0.99962,-0.00275807,51240.2,5.3782,0,5.29126,-1,1,0,0
9531,0.99962,-0.00275807,51240.2,5.3782,0,4.75374,-1,1,0,0
9531,0.99962,-0.00275807,51240.2,5.3782,-3869.91,4.97201,-1,0,1,0
9531,0.99962,-0.00275807,51240.2,5.3782,4448.38,5.84511,-1,0,1,0
9531,0.99962,-0.00275807,51240.2,5.3782,6941.24,6.10676,-1.33524,0,1,0
9530.5,0.99962,-0.00304012,51240.2,5.37848,6362.64,6.04635,-0.664758,0,1,0
9531,0.99962,-0.00275807,51240.2,5.3782,-6455.64,4.70061,-1,0,1,0
9531,0.99962,-0.00275807,51240.2,5.3782,-4947.13,4.85895,-1.33524,0,1,0
9530.5,0.99962,-0.00304012,51240.2,5.37848,0,5.14262,-0.664758,1,0,0
9531,0.99962,-0.00275807,51240.2,5.3782,0,3.95626,-1.33524,1,0,0
9530.5,0.99962,-0.00304012,51240.2,5.37848,-6628.38,4.68273,-1,0,1,0
9530.5,0.999203,-0.00229331,38652.9,4.05894,-12587.2,4.05725,0.394071,0,1,0
9532.5,0.999203,-0.00144239,38652.9,4.05809,0,4.00181,-0.468726,1,0,0
9533.5,0.999203,-0.00101706,38652.9,4.05766,3613.59,4.43701,-1,0,1,0
9533.5,0.999203,-0.00101706,38652.9,4.05766,-115204,-8.03604,-1,0,1,0
9533.5,0.999203,-0.00101706,38652.9,4.05766,-14124.9,2.57487,-1,0,1,0
9533.5,0.999203,-0.00101706,38652.9,4.05766,-111472,-7.64436,-1,0,1,0
9533.5,0.999203,-0.00101706,38652.9,4.05766,-46903.8,-0.866146,-1,0,1,0
9533.5,0.999203,-0.00101706,38652.9,4.05766,-17584.9,2.21166,-1.26575,0,1,0
9533,0.999203,-0.00122972,38652.9,4.05788,1270.77,4.19129,-1,0,1,0
9533,0.999203,-0.00122972,38652.9,4.05788,0,4.23302,-1,1,0,0
9533,0.999203,-0.00122972,38652.9,4.05788,9166.88,5.02024,-1,0,1,0
9533,0.999203,-0.00122972,38652.9,4.05788,0,5.40734,-0.734246,1,0,0
9533.5,0.999203,-0.00101706,38652.9,4.05766,-93.4587,4.04785,-1.26575,0,1,0
9533,0.999203,-0.00122972,38652.9,4.05788,-10068.5,3.00086,-1,0,1,0
9533,0.999203,-0.00122972,38652.9,4.05788,0,4.29594,-0.734246,1,0,0
9533.5,0.999203,-0.00101706,38652.9,4.05766,13800.2,5.50636,-1.26575,0,1,0
9533,0.999203,-0.00122972,38652.9,4.05788,0,4.44884,-1,1,0,0
9533,0.999203,-0.00122972,38652.9,4.05788,0,4.03984,-1,1,0,0
9533,0.999203,-0.00122972,38652.9,4.05788,0,5.05515,-1,1,0,0
9533,0.999203,-0.00122972,38652.9,4.05788,0,2.97491,-1,1,0,0
9533,0.999203,-0.00122972,38652.9,4.05788,0,5.75767,-1.79671,1,0,0
9531.5,0.999203,-0.00186781,38652.9,4.05852,0,-0.703902,-1.26595,1,0,0
9531,0.999203,-0.00208055,38652.9,4.05873,2842.21,4.35717,-1,0,1,0
9531,0.999203,-0.00208055,38652.9,4.05873,1045.45,4.16851,-0.734053,0,1,0
9531.5,0.999203,-0.00186781,38652.9,4.05852,-4878.74,3.54625,-1.26595,0,1,0
9531,0.999203,-0.00208055,38652.9,4.05873,2099.94,4.27923,-0.734053,0,1,0
9531.5,0.999203,-0.00186781,38652.9,4.05852,5191.86,4.60366,-1.26595,0,1,0
9531,0.999203,-0.00208055,38652.9,4.05873,0,5.10179,-1,1,0,0
9531,0.999203,-0.00208055,38652.9,4.05873,7809.29,4.87874,-0.734053,0,1,0
9531.5,0.999203,-0.00186781,38652.9,4.05852,2041.61,4.27288,-1.26595,0,1,0
9531,0.999203,-0.00208055,38652.9,4.05873,12238,5.34377,-1,0,1,0
9531,0.999203,-0.00208055,38652.9,4.05873,-11439.4,2.85754,-1,0,1,0
9531,0.999203,-0.00208055,38652.9,4.05873,8141.51,4.91362,-1,0,1,0
9531,0.999203,-0.00208055,38652.9,4.05873,-6185.84,3.40919,-1,0,1,0
9531,0.999203,-0.00208055,38652.9,4.05873,4314.45,4.51177,-1,0,1,0
9531,0.999203,-0.00208055,38652.9,4.05873,10774.6,5.19011,-0.734053,0,1,0
9531.5,0.999203,-0.00186781,38652.9,4.05852,0,4.80564,-1.26595,1,0,0
9531,0.999203,-0.00208055,38652.9,4.05873,2431.54,4.31405,-0.734053,0,1,0
9531.5,0.999203,-0.00186781,38652.9,4.05852,8445.97,4.94533,-1.26595,0,1,0
9531,0.999203,-0.00208055,38652.9,4.05873,9376.46,5.0433,-1,0,1,0
9531,0.999203,-0.00208055,38652.9,4.05873,12669.4,5.38907,-1,0,1,0
9531,0.999203,-0.00208055,38652.9,4.05873,3210.72,4.39587,-1,0,1,0
9531,0.999203,-0.00208055,38652.9,4.05873,19010.2,6.05488,-1,0,1,0
9531,0.999203,-0.00208055,38652.9,4.05873,2882.19,4.36137,-0.734053,0,1,0
9531.5,0.999203,-0.00186781,38652.9,4.05852,0,3.39792,-1.26595,1,0,0
9531,0.999203,-0.00208055,38652.9,4.05873,19095.8,6.06387,-1,0,1,0
9531,0.999203,-0.00208055,38652.9,4.05873,431.995,4.10409,-1,0,1,0
9531,0.999203,-0.00208055,38652.9,4.05873,683.827,4.13053,-0.734053,0,1,0
9531.5,0.999203,-0.00186781,38652.9,4.05852,10246.6,5.1344,-1,0,1,0
9531.5,0.999203,-0.00186781,38652.9,4.05852,16840.2,5.82672,-1,0,1,0
9531.5,0.999203,-0.00186781,38652.9,4.05852,9538.82,5.06008,-1,0,1,0
9531.5,0.999203,-0.00186781,38652.9,4.05852,0,4.70562,-1.26595,1,0,0
9531,0.999203,-0.00208055,38652.9,4.05873,12751.8,5.39773,-1,0,1,0
9531,0.999203,-0.00208055,38652.9,4.05873,0,4.91168,-1,1,0,0
9531,0.999203,-0.00208055,38652.9,4.05873,16584,5.80012,-1,0,1,0
9531,0.999203,-0.00208055,38652.9,4.05873,0,4.84244,-0.734053,1,0,0
9531.5,0.999203,-0.00186781,38652.9,4.05852,16703.8,5.8124,-1.26595,0,1,0
9531,0.999203,-0.00208055,38652.9,4.05873,0,4.44195,-1,1,0,0
9531,0.999203,-0.00208055,38652.9,4.05873,0,3.99253,-1.26571,1,0,0
9530.5,0.999203,-0.00229331,38652.9,4.05894,7261.79,4.8215,-1,0,1,0
9530.5,0.999203,-0.00229331,38652.9,4.05894,0,4.68079,-2.33042,1,0,0
9528,0.999203,-0.00335747,38652.9,4.06001,0,4.28461,-1.53262,1,0,0
9527,0.999203,-0.00378329,38652.9,4.06043,0,3.17469,-0.733666,1,0,0
9527.5,0.999203,-0.00357037,38652.9,4.06022,0,3.94629,-1.26633,1,0,0
9527,0.999203,-0.00378329,38652.9,4.06043,0,3.39794,-0.733666,1,0,0
9527.5,0.999203,-0.00357037,38652.9,4.06022,0,4.86793,-1.26633,1,0,0
9527,0.999203,-0.00378329,38652.9,4.06043,0,3.72224,-0.733666,1,0,0
9527.5,0.999203,-0.00357037,38652.9,4.06022,0,3.25391,-1.26633,1,0,0
9527,0.999203,-0.00378329,38652.9,4.06043,0,3.19048,-1.26638,1,0,0
9526.5,0.999203,-0.00399623,38652.9,4.06065,0,3.63613,-0.733617,1,0,0
9527,0.999203,-0.00378329,38652.9,4.06043,0,2.93928,-1,1,0,0
9527,0.999203,-0.00378329,38652.9,4.06043,0,3.14596,-1,1,0,0
9527,0.999203,-0.00378329,38652.9,4.06043,0,2.02724,-1.26638,1,0,0
9526.5,0.999203,-0.00399623,38652.9,4.06065,0,2.13948,-0.733617,1,0,0
9527,0.999203,-0.00378329,38652.9,4.06043,0,2.66538,-1,1,0,0
9527,0.999203,-0.00378329,38652.9,4.06043,0,3.58017,-1.26638,1,0,0
9526.5,0.999203,-0.00399623,38652.9,4.06065,0,3.25781,-1,1,0,0
9526.5,0.999203,-0.00399623,38652.9,4.06065,0,2.62754,-1,1,0,0
9526.5,0.999203,-0.00399623,38652.9,4.06065,0,3.28098,-0.733617,1,0,0
9527,0.999203,-0.00378329,38652.9,4.06043,0,4.0475,-1.26638,1,0,0
9526.5,0.999203,-0.00399623,38652.9,4.06065,0,4.59066,-1,1,0,0
9526.5,0.999203,-0.00399623,38652.9,4.06065,0,5.47779,-0.733617,1,0,0
9527,0.999203,-0.00378329,38652.9,4.06043,0,4.14008,-1,1,0,0
9527,0.999203,-0.00378329,38652.9,4.06043,0,3.82126,-1,1,0,0
9527,0.999203,-0.00378329,38652.9,4.06043,0,4.37839,-1,1,0,0
9527,0.999203,-0.00378329,38652.9,4.06043,0,4.05765,-1.26638,1,0,0
9526.5,0.999203,-0.00399623,38652.9,4.06065,0,3.37928,-0.733617,1,0,0
9527,0.999203,-0.00378329,38652.9,4.06043,0,3.49584,-1.26638,1,0,0
9526.5,0.999203,-0.00399623,38652.9,4.06065,0,2.75395,-1,1,0,0
9526.5,0.999203,-0.00399623,38652.9,4.06065,0,1.73515,-1,1,0,0
9526.5,0.999203,-0.00399623,38652.9,4.06065,0,1.92943,-1,1,0,0
9526.5,0.999203,-0.00399623,38652.9,4.06065,0,3.52069,-1,1,0,0
9526.5,0.999203,-0.00399623,38652.9,4.06065,0,2.74163,-1,1,0,0
9526.5,0.999203,-0.00399623,38652.9,4.06065,0,4.08152,-0.733617,1,0,0
9527,0.999203,-0.00378329,38652.9,4.06043,0,2.58874,2.72258,1,0,0
9534,0.999203,-0.000804433,38652.9,4.05745,0,3.22852,-1,1,0,0
9534,0.999203,-0.000804433,38652.9,4.05745,0,4.07583,-1,1,0,0
9534,0.999203,-0.000804433,38652.9,4.05745,-1240.19,3.92727,-1.26542,0,1,0
9533.5,0.999203,-0.00101706,38652.9,4.05766,-32790.3,0.615446,-0.734576,0,1,0
9534,0.999203,-0.000804433,38652.9,4.05745,-28708.7,1.04386,-1,0,1,0
9534,0.999203,-0.000804433,38652.9,4.05745,-60293.3,-2.27162,-1.26542,0,1,0
9533.5,0.999203,-0.00101706,38652.9,4.05766,-44114.3,-0.573313,-1,0,1,0
9533.5,0.999203,-0.00101706,38652.9,4.05766,-23384,1.60288,-1,0,1,0
9533.5,0.999203,-0.00101706,38652.9,4.05766,-20213.5,1.93571,-0.734576,0,1,0
9534,0.999203,-0.000804433,38652.9,4.05745,-17099.9,2.26245,-1.26542,0,1,0
9533.5,0.999203,-0.00101706,38652.9,4.05766,-43735,-0.533499,-1,0,1,0
9533.5,0.999203,-0.00101706,38652.9,4.05766,-79753.4,-4.3146,-0.734576,0,1,0
9534,0.999203,-0.000804433,38652.9,4.05745,-98433.1,-6.27521,-1,0,1,0
9534,0.999203,-0.000804433,38652.9,4.05745,-91255.7,-5.52179,-1,0,1,0
9534,0.999203,-0.000804433,38652.9,4.05745,-104701,-6.93311,-1.26542,0,1,0
9533.5,0.999203,-0.00101706,38652.9,4.05766,-42698.1,-0.424646,-1,0,1,0
9533.5,0.999203,-0.00101706,38652.9,4.05766,-42887.2,-0.444497,-0.734576,0,1,0
9534,0.999203,-0.000804433,38652.9,4.05745,-56061.5,-1.8274,-1.26542,0,1,0
9533.5,0.999203,-0.00101706,38652.9,4.05766,-72602.6,-3.56393,-0.734576,0,1,0
9534,0.999203,-0.000804433,38652.9,4.05745,-41969.2,-0.348115,-1,0,1,0
9534,0.999203,-0.000804433,38652.9,4.05745,-65950.2,-2.86543,-1.26542,0,1,0
9533.5,0.999203,-0.00101706,38652.9,4.05766,-94664.3,-5.87989,-0.734576,0,1,0
9534,0.999203,-0.000804433,38652.9,4.05745,0,-2.41129,-3.12559,1,0,0
9530,0.999203,-0.0025061,38652.9,4.05916,-12440.6,2.7527,-2.86338,0,1,0
9526.5,0.999203,-0.00399623,38652.9,4.06065,-9749.16,3.03646,-0.733617,0,1,0
9527,0.999203,-0.00378329,38652.9,4.06043,0,1.29292,0.0650459,1,0,0
9529,0.998547,-0.00192831,25423.4,2.67188,-13229.5,2.67013,1.08323,0,1,0
9533.5,0.998547,-0.000668958,25423.4,2.67062,0,2.86606,-0.807423,1,0,0
9534,0.998547,-0.000529104,25423.4,2.67048,-69606.8,-4.64104,-1,0,1,0
9534,0.998547,-0.000529104,25423.4,2.67048,-74059.2,-5.10872,-1.19258,0,1,0
9533.5,0.998547,-0.000668958,25423.4,2.67062,-105359,-8.39696,-1,0,1,0
9533.5,0.998547,-0.000668958,25423.4,2.67062,-32466.5,-0.739845,-2.34923,0,1,0
9530,0.998547,-0.00164835,25423.4,2.6716,-111721,-9.06849,-1,0,1,0
9530,0.998547,-0.00164835,25423.4,2.6716,-5874.24,2.05431,-0.80708,0,1,0
9530.5,0.998547,-0.00150839,25423.4,2.67146,0,2.2215,-1.19292,1,0,0
9530,0.998547,-0.00164835,25423.4,2.6716,7343.31,3.44327,-1,0,1,0
9530,0.998547,-0.00164835,25423.4,2.6716,1415.09,2.82031,-0.80708,0,1,0
9530.5,0.998547,-0.00150839,25423.4,2.67146,-36032.4,-1.11478,-1,0,1,0
9530.5,0.998547,-0.00150839,25423.4,2.67146,-65031.4,-4.16196,-1.19292,0,1,0
9530,0.998547,-0.00164835,25423.4,2.6716,-30408.1,-0.523813,-0.80708,0,1,0
9530.5,0.998547,-0.00150839,25423.4,2.67146,0,-0.778271,-1.19292,1,0,0
9530,0.998547,-0.00164835,25423.4,2.6716,-2613.45,2.39697,-0.80708,0,1,0
9530.5,0.998547,-0.00150839,25423.4,2.67146,0,2.38221,-1.19292,1,0,0
9530,0.998547,-0.00164835,25423.4,2.6716,-1553.34,2.50837,-0.80708,0,1,0
9530.5,0.998547,-0.00150839,25423.4,2.67146,0,3.06108,-0.421746,1,0,0
9532,0.998547,-0.00108861,25423.4,2.67104,9043.33,3.62116,0.925253,0,1,0
9537,0.998547,0.000309714,25423.4,2.66964,0,3.33143,-1,1,0,0
9537,0.998547,0.000309714,25423.4,2.66964,-73581.6,-5.05696,-1.19226,0,1,0
9536.5,0.998547,0.000169948,25423.4,2.66978,-99175.3,-7.7449,-0.807742,0,1,0
9537,0.998547,0.000309714,25423.4,2.66964,-90445.6,-6.82781,-1,0,1,0
9537,0.998547,0.000309714,25423.4,2.66964,-120459,-9.97946,-1,0,1,0
9537,0.998547,0.000309714,25423.4,2.66964,-119649,-9.89438,-1,0,1,0
9537,0.998547,0.000309714,25423.4,2.66964,-87559.5,-6.52475,-1.19226,0,1,0
9536.5,0.998547,0.000169948,25423.4,2.66978,0,-0.185629,-1,1,0,0
9536.5,0.998547,0.000169948,25423.4,2.66978,-83725.9,-6.12252,-1,0,1,0
9536.5,0.998547,0.000169948,25423.4,2.66978,0,-1.00917,-1,1,0,0
9536.5,0.998547,0.000169948,25423.4,2.66978,0,0.34014,-1,1,0,0
9536.5,0.998547,0.000169948,25423.4,2.66978,-7055.43,1.92887,-1,0,1,0
9536.5,0.998547,0.000169948,25423.4,2.66978,0,-4.55028,-1,1,0,0
9536.5,0.998547,0.000169948,25423.4,2.66978,-96461.2,-7.45988,-1,0,1,0
9536.5,0.998547,0.000169948,25423.4,2.66978,-60655,-3.69977,-0.807742,0,1,0
9537,0.998547,0.000309714,25423.4,2.66964,-54868.1,-3.09191,-1,0,1,0
9537,0.998547,0.000309714,25423.4,2.66964,-64933.1,-4.14881,-1,0,1,0
9537,0.998547,0.000309714,25423.4,2.66964,-89188.5,-6.6958,-1,0,1,0
9537,0.998547,0.000309714,25423.4,2.66964,-113761,-9.27613,-1,0,1,0
9537,0.998547,0.000309714,25423.4,2.66964,-112096,-9.10126,-0.807579,0,1,0
9537.5,1.00205,-0,-91074.8,-9.52959,-116498,-9.56302,1.15704,0,1,0
9538.5,1.00205,-0.00100111,-91074.8,-9.53058,0,-2.71327,-1.44749,1,0,0
9539,1.00205,-0.00150159,-91074.8,-9.53108,0,-1.98981,-1,1,0,0
9539,1.00205,-0.00150159,-91074.8,-9.53108,0,-1.50438,-1,1,0,0
9539,1.00205,-0.00150159,-91074.8,-9.53108,0,-1.5786,-0.552512,1,0,0
9538.5,1.00205,-0.00100111,-91074.8,-9.53058,0,-2.6039,-1.44749,1,0,0
9539,1.00205,-0.00150159,-91074.8,-9.53108,0,-0.930983,-3.24124,1,0,0
9541.5,1.00205,-0.0040032,-91074.8,-9.53358,0,-1.83218,-1,1,0,0
9541.5,1.00205,-0.0040032,-91074.8,-9.53358,0,-1.0547,-1,1,0,0
9541.5,1.00205,-0.0040032,-91074.8,-9.53358,0,0.287861,-1.44901,1,0,0
9542,1.00205,-0.00450336,-91074.8,-9.53408,0,-2.76944,-0.550991,1,0,0
9541.5,1.00205,-0.0040032,-91074.8,-9.53358,0,-1.96513,-1,1,0,0
9541.5,1.00205,-0.0040032,-91074.8,-9.53358,0,-1.44057,-1,1,0,0
9541.5,1.00205,-0.0040032,-91074.8,-9.53358,0,-0.258891,-1.44901,1,0,0
9542,1.00205,-0.00450336,-91074.8,-9.53408,0,-0.698212,-0.550991,1,0,0
9541.5,1.00205,-0.0040032,-91074.8,-9.53358,0,-1.04734,-1.44901,1,0,0
9542,1.00205,-0.00450336,-91074.8,-9.53408,0,-1.49644,-0.550991,1,0,0
9541.5,1.00205,-0.0040032,-91074.8,-9.53358,0,-2.58929,-1.44901,1,0,0
9542,1.00205,-0.00450336,-91074.8,-9.53408,0,-0.595999,-1,1,0,0
9542,1.00205,-0.00450336,-91074.8,-9.53408,0,-1.4601,-0.550991,1,0,0
9541.5,1.00205,-0.0040032,-91074.8,-9.53358,0,-2.34729,-1,1,0,0
9541.5,1.00205,-0.0040032,-91074.8,-9.53358,0,-1.71433,-1,1,0,0
9541.5,1.00205,-0.0040032,-91074.8,-9.53358,0,-0.945161,-1,1,0,0
9541.5,1.00205,-0.0040032,-91074.8,-9.53358,0,-2.4046,-1.44901,1,0,0
9542,1.00205,-0.00450336,-91074.8,-9.53408,0,-1.1655,-0.550991,1,0,0
9541.5,1.00205,-0.0040032,-91074.8,-9.53358,0,-1.74685,-1,1,0,0
9541.5,1.00205,-0.0040032,-91074.8,-9.53358,0,-2.34129,-1.44901,1,0,0
9542,1.00205,-0.00450336,-91074.8,-9.53408,0,-3.6533,-1,1,0,0
9542,1.00205,-0.00450336,-91074.8,-9.53408,0,-1.75641,-0.550991,1,0,0
9541.5,1.00205,-0.0040032,-91074.8,-9.53358,0,-1.58373,-1,1,0,0
9541.5,1.00205,-0.0040032,-91074.8,-9.53358,0,-1.83885,-1,1,0,0
9541.5,1.00205,-0.0040032,-91074.8,-9.53358,0,-2.53968,-1.44901,1,0,0
9542,1.00205,-0.00450336,-91074.8,-9.53408,0,-1.42702,-1,1,0,0
9542,1.00205,-0.00450336,-91074.8,-9.53408,0,-1.6874,-0.550991,1,0,0
9541.5,1.00205,-0.0040032,-91074.8,-9.53358,0,-1.8066,-1,1,0,0
9541.5,1.00205,-0.0040032,-91074.8,-9.53358,0,-3.17941,-1,1,0,0
9541.5,1.00205,-0.0040032,-91074.8,-9.53358,0,-1.93872,-1,1,0,0
9541.5,1.00205,-0.0040032,-91074.8,-9.53358,0,-2.90023,-1.44901,1,0,0
9542,1.00205,-0.00450336,-91074.8,-9.53408,0,-3.21383,-2.79725,1,0,0
9544,1.00205,-0.00650349,-91074.8,-9.53608,0,-3.90577,-1,1,0,0
9544,1.00205,-0.00650349,-91074.8,-9.53608,0,-4.5552,-1,1,0,0
9544,1.00205,-0.00650349,-91074.8,-9.53608,0,-4.492,-1,1,0,0
9544,1.00205,-0.00650349,-91074.8,-9.53608,0,-2.58583,-1.44962,1,0,0
9544.5,1.00205,-0.00700339,-91074.8,-9.53657,0,-4.18602,-1.45054,1,0,0
9545,1.00205,-0.00750324,-91074.8,-9.53707,0,-2.56934,-1,1,0,0
9545,1.00205,-0.00750324,-91074.8,-9.53707,0,-4.2174,-1,1,0,0
9545,1.00205,-0.00750324,-91074.8,-9.53707,0,-3.25954,-1,1,0,0
9545,1.00205,-0.00750324,-91074.8,-9.53707,0,-3.83013,1.6974,1,0,0
9542,1.00205,-0.00450336,-91074.8,-9.53408,0,-3.5018,-1,1,0,0
9542,1.00205,-0.00450336,-91074.8,-9.53408,0,-3.64554,-1,1,0,0
9542,1.00205,-0.00450336,-91074.8,-9.53408,0,-3.69306,-1,1,0,0
9542,1.00205,-0.00450336,-91074.8,-9.53408,0,-2.43402,1.69025,1,0,0
9539,1.00205,-0.00150159,-91074.8,-9.53108,0,-4.71327,2.12976,1,0,0
9535.5,1.00205,0.00200286,-91074.8,-9.52759,47378.3,-4.57312,-1,0,1,0
9535.5,1.00205,0.00200286,-91074.8,-9.52759,0,-7.912,-1.44664,1,0,0
9536,1.00205,0.00150206,-91074.8,-9.52809,0,-5.91677,-0.553364,1,0,0
9535.5,1.00205,0.00200286,-91074.8,-9.52759,0,-3.02045,-1,1,0,0
9535.5,1.00205,0.00200286,-91074.8,-9.52759,0,-0.888261,-1.44664,1,0,0
9536,1.00205,0.00150206,-91074.8,-9.52809,0,-4.20003,-0.553364,1,0,0
9535.5,1.00205,0.00200286,-91074.8,-9.52759,0,-4.81251,2.56405,1,0,0
9531.5,1.00205,0.00601109,-91074.8,-9.52359,0,-4.46447,-1.44463,1,0,0
9532,1.00205,0.00550988,-91074.8,-9.52409,40242.9,-5.32185,-0.555371,0,1,0
9531.5,1.00205,0.00601109,-91074.8,-9.52359,0,-5.73801,-1.44463,1,0,0
9532,1.00205,0.00550988,-91074.8,-9.52409,0,-7.80306,-1,1,0,0
9532,1.00205,0.00550988,-91074.8,-9.52409,0,-7.2619,-1,1,0,0
9532,1.00205,0.00550988,-91074.8,-9.52409,37767.8,-5.58098,-1,0,1,0
9532,1.00205,0.00550988,-91074.8,-9.52409,0,-5.8528,-1,1,0,0
9532,1.00205,0.00550988,-91074.8,-9.52409,0,-7.33839,-0.555371,1,0,0
9531.5,1.00205,0.00601109,-91074.8,-9.52359,0,-4.4153,-1,1,0,0
9531.5,1.00205,0.00601109,-91074.8,-9.52359,0,-7.25139,-1,1,0,0
9531.5,1.00205,0.00601109,-91074.8,-9.52359,0,-7.24509,4.76538,1,0,0
9525,1.00205,0.0125317,-91074.8,-9.51708,0,-6.38296,-1.44205,1,0,0
9525.5,1.00205,0.0120298,-91074.8,-9.51758,0,-8.71632,-1,1,0,0
9525.5,1.00205,0.0120298,-91074.8,-9.51758,0,-8.50465,-0.557949,1,0,0
9525,1.00205,0.0125317,-91074.8,-9.51708,0,-9.15757,-1,1,0,0
9525,1.00205,0.0125317,-91074.8,-9.51708,9005.23,-8.59859,-1.44205,0,1,0
9525.5,1.00205,0.0120298,-91074.8,-9.51758,29231.2,-6.47914,-0.557949,0,1,0
9525,1.00205,0.0125317,-91074.8,-9.51708,19083,-7.54273,-1,0,1,0
9525,1.00205,0.0125317,-91074.8,-9.51708,0,-8.41196,-1,1,0,0
9525,1.00205,0.0125317,-91074.8,-9.51708,6776.24,-8.83213,-1,0,1,0
9525,1.00205,0.0125317,-91074.8,-9.51708,10369.7,-8.45564,-1,0,1,0
9525,1.00205,0.0125317,-91074.8,-9.51708,42841.9,-5.05346,-1.44205,0,1,0
9525.5,1.00205,0.0120298,-91074.8,-9.51758,0,-7.27314,-1,1,0,0
9525.5,1.00205,0.0120298,-91074.8,-9.51758,0,-6.41365,-0.557949,1,0,0
9525,1.00205,0.0125317,-91074.8,-9.51708,38395.5,-5.51932,-1,0,1,0
9525,1.00205,0.0125317,-91074.8,-9.51708,0,-7.13117,-1,1,0,0
9525,1.00205,0.0125317,-91074.8,-9.51708,23964.1,-7.03132,-1,0,1,0
9525,1.00205,0.0125317,-91074.8,-9.51708,0,-8.49258,-1,1,0,0
9525,1.00205,0.0125317,-91074.8,-9.51708,0,-8.50105,-1.44205,1,0,0
9525.5,1.00205,0.0120298,-91074.8,-9.51758,0,-8.58203,-0.557949,1,0,0
9525,1.00205,0.0125317,-91074.8,-9.51708,0,-8.5121,-1.44205,1,0,0
9525.5,1.00205,0.0120298,-91074.8,-9.51758,14109.6,-8.06337,-0.557949,0,1,0
9525,1.00205,0.0125317,-91074.8,-9.51708,0,-6.57731,-1,1,0,0
9525,1.00205,0.0125317,-91074.8,-9.51708,0,-7.45776,-1,1,0,0
9525,1.00205,0.0125317,-91074.8,-9.51708,0,-8.31454,-1.44205,1,0,0
9525.5,1.00205,0.0120298,-91074.8,-9.51758,0,-8.83755,-0.557949,1,0,0
9525,1.00474,0.0102722,-74654,-7.78026,16420.8,-7.82165,0.482914,0,1,0
9523.5,1.00685,0.00970713,-62978.7,-6.54873,11675.3,-6.58178,0.745964,0,1,0
9521,1.00685,0.0114435,-62978.7,-6.547,21524.9,-4.32432,-1.28864,0,1,0
9521.5,1.00685,0.0110962,-62978.7,-6.54735,0,-5.97336,-0.711356,1,0,0
9521,1.00685,0.0114435,-62978.7,-6.547,0,-4.70569,-1,1,0,0
9521,1.00685,0.0114435,-62978.7,-6.547,0,-5.69349,-1.57741,1,0,0
9522,1.00685,0.0107489,-62978.7,-6.54769,14316.6,-5.07574,-1,0,1,0
9522,1.00685,0.0107489,-62978.7,-6.54769,-4200.87,-7.00722,-1,0,1,0
9522,1.00685,0.0107489,-62978.7,-6.54769,0,-6.71978,-1,1,0,0
9522,1.00685,0.0107489,-62978.7,-6.54769,2254.14,-6.33393,-1,0,1,0
9522,1.00685,0.0107489,-62978.7,-6.54769,591.862,-6.50731,-1,0,1,0
9522,1.00685,0.0107489,-62978.7,-6.54769,2112.48,-6.3487,-1,0,1,0
9522,1.00685,0.0107489,-62978.7,-6.54769,26316.7,-3.82406,-1,0,1,0
9522,1.00685,0.0107489,-62978.7,-6.54769,9832.1,-5.5435,-1,0,1,0
9522,1.00685,0.0107489,-62978.7,-6.54769,15420.6,-4.96059,-0.711237,0,1,0
9521.5,1.00685,0.0110962,-62978.7,-6.54735,-7871.07,-7.39043,-1,0,1,0
9521.5,1.00685,0.0110962,-62978.7,-6.54735,16846.6,-4.8121,-1,0,1,0
9521.5,1.00685,0.0110962,-62978.7,-6.54735,23255,-4.14364,-1,0,1,0
9521.5,1.00685,0.0110962,-62978.7,-6.54735,0,-5.76282,-1,1,0,0
9521.5,1.00685,0.0110962,-62978.7,-6.54735,0,-4.75172,-1,1,0,0
9521.5,1.00685,0.0110962,-62978.7,-6.54735,8122.96,-5.72207,-1.28876,0,1,0
9522,1.00685,0.0107489,-62978.7,-6.54769,37677.6,-2.63906,-1,0,1,0
9522,1.00685,0.0107489,-62978.7,-6.54769,37868.5,-2.61914,-1,0,1,0
9522,1.00685,0.0107489,-62978.7,-6.54769,0,-3.30703,-1,1,0,0
9522,1.00685,0.0107489,-62978.7,-6.54769,26198.1,-3.83643,-1,0,1,0
9522,1.00685,0.0107489,-62978.7,-6.54769,-837.665,-6.65642,-1,0,1,0
9522,1.00685,0.0107489,-62978.7,-6.54769,3022.86,-6.25374,-0.711237,0,1,0
9521.5,1.00685,0.0110962,-62978.7,-6.54735,9484.19,-5.58008,-1.28876,0,1,0
9522,1.00685,0.0107489,-62978.7,-6.54769,16621.2,-4.83536,-0.711237,0,1,0
9521.5,1.00685,0.0110962,-62978.7,-6.54735,0,-4.67802,-1.28876,1,0,0
9522,1.00685,0.0107489,-62978.7,-6.54769,0,-5.53341,-1,1,0,0
9522,1.00685,0.0107489,-62978.7,-6.54769,0,-5.44543,-0.711237,1,0,0
9521.5,1.00685,0.0110962,-62978.7,-6.54735,0,-6.73651,-1.28876,1,0,0
9522,1.00685,0.0107489,-62978.7,-6.54769,0,-5.37993,-3.8924,1,0,0
9527,1.00685,0.00727767,-62978.7,-6.55114,0,-6.12451,-2.73911,1,0,0
9530,1.00685,0.0051967,-62978.7,-6.55321,0,-6.65401,-0.709773,1,0,0
9529.5,1.00685,0.00554344,-62978.7,-6.55286,0,-5.82945,-1.29023,1,0,0
9530,1.00685,0.0051967,-62978.7,-6.55321,0,-5.85432,-0.709773,1,0,0
9529.5,1.00685,0.00554344,-62978.7,-6.55286,0,-5.25617,-1,1,0,0
9529.5,1.00685,0.00554344,-62978.7,-6.55286,0,-4.61334,-1,1,0,0
9529.5,1.00725,0.00523351,-59457.7,-6.18403,3521.04,-6.1969,0.173868,0,1,0
9527.5,1.00725,0.00654326,-59457.7,-6.18273,0,-4.22783,-1.27061,1,0,0
9528,1.00725,0.00621577,-59457.7,-6.18306,0,-5.40147,-1,1,0,0
9528,1.00725,0.00621577,-59457.7,-6.18306,31560.8,-2.90681,-1,0,1,0
9528,1.00725,0.00621577,-59457.7,-6.18306,0,-3.94492,-0.729394,1,0,0
9527.5,1.00725,0.00654326,-59457.7,-6.18273,0,-4.73061,-1.27061,1,0,0
9528,1.00725,0.00621577,-59457.7,-6.18306,38872.2,-2.14498,-0.729394,0,1,0
9527.5,1.00725,0.00654326,-59457.7,-6.18273,57708.4,-0.182281,-1.27061,0,1,0
9528,1.00725,0.00621577,-59457.7,-6.18306,44232.3,-1.58647,-1,0,1,0
9528,1.00725,0.00621577,-59457.7,-6.18306,0,-2.20169,-0.729394,1,0,0
9527.5,1.00725,0.00654326,-59457.7,-6.18273,47386.1,-1.2579,-1,0,1,0
9527.5,1.00725,0.00654326,-59457.7,-6.18273,12410.9,-4.90246,-1,0,1,0
9527.5,1.00725,0.00654326,-59457.7,-6.18273,0,-6.12725,-1,1,0,0
9527.5,1.00725,0.00654326,-59457.7,-6.18273,21073.8,-3.99975,-1.27061,0,1,0
9528,1.00725,0.00621577,-59457.7,-6.18306,0,-3.58241,-1,1,0,0
9528,1.00725,0.00621577,-59457.7,-6.18306,0,-4.06045,-1,1,0,0
9528,1.00725,0.00621577,-59457.7,-6.18306,0,-6.13195,-1,1,0,0
9528,1.00725,0.00621577,-59457.7,-6.18306,12817.7,-4.85981,-0.729394,0,1,0
9527.5,1.00725,0.00654326,-59457.7,-6.18273,0,-5.71599,-1,1,0,0
9527.5,1.00725,0.00654326,-59457.7,-6.18273,0,-4.18367,-1.27061,1,0,0
9528,1.00725,0.00621577,-59457.7,-6.18306,0,-4.88038,-2.89639,1,0,0
9531.5,1.00725,0.00392431,-59457.7,-6.18533,0,-4.59053,-2.35669,1,0,0
9534,1.00725,0.00228858,-59457.7,-6.18696,0,-4.00523,-1,1,0,0
9534,1.00725,0.00228858,-59457.7,-6.18696,82484.8,2.39788,-1,0,1,0
9534,1.00725,0.00228858,-59457.7,-6.18696,51388.2,-0.840297,-1,0,1,0
9534,1.00725,0.00228858,-59457.7,-6.18696,70307.6,1.12984,-0.728533,0,1,0
9533.5,1.00725,0.00261566,-59457.7,-6.18663,17937.1,-4.32388,-1.27147,0,1,0
9534,1.00725,0.00228858,-59457.7,-6.18696,32240.5,-2.8342,-0.728533,0,1,0
9533.5,1.00725,0.00261566,-59457.7,-6.18663,0,-2.3224,-1,1,0,0
9533.5,1.00725,0.00261566,-59457.7,-6.18663,0,-3.01764,-1.27147,1,0,0
9534,1.00725,0.00228858,-59457.7,-6.18696,0,-3.29751,1.17001,1,0,0
9530,1.00725,0.00490616,-59457.7,-6.18436,36234.9,-2.41927,-1,0,1,0
9530,1.00725,0.00490616,-59457.7,-6.18436,0,-5.98655,-1,1,0,0
9530,1.00725,0.00490616,-59457.7,-6.18436,0,-5.70134,-1.27114,1,0,0
9530.5,1.00725,0.00457884,-59457.7,-6.18468,0,-5.98608,-0.728858,1,0,0
9530,1.00725,0.00490616,-59457.7,-6.18436,0,-6.46482,-1,1,0,0
9530,1.00725,0.00490616,-59457.7,-6.18436,4260.9,-5.75021,-1,0,1,0
9530,1.00725,0.00490616,-59457.7,-6.18436,22570.9,-3.84274,-1,0,1,0
9530,1.00725,0.00490616,-59457.7,-6.18436,0,-7.815,-1.27114,1,0,0
9530.5,1.00725,0.00457884,-59457.7,-6.18468,0,-4.89923,-3.71348,1,0,0
9535.5,1.00725,0.00130755,-59457.7,-6.18793,5916.43,-5.57453,-1,0,1,0
9535.5,1.00725,0.00130755,-59457.7,-6.18793,64024.2,0.475451,-3.17649,0,1,0
9539.5,1.00725,-0.00130701,-59457.7,-6.19053,12612.7,-4.87529,-1.27233,0,1,0
9540,1.00725,-0.00163367,-59457.7,-6.19085,26156.8,-3.46553,-1,0,1,0
9540,1.00725,-0.00163367,-59457.7,-6.19085,26307.2,-3.44988,-1.54499,0,1,0
9541,1.00725,-0.0022869,-59457.7,-6.1915,30473.3,-3.01601,-1,0,1,0
9541,1.00725,-0.0022869,-59457.7,-6.1915,0,-4.48313,-0.727451,1,0,0
9540.5,1.00725,-0.0019603,-59457.7,-6.19118,38049.5,-2.22778,-1.54521,0,1,0
9541.5,1.00725,-0.00261347,-59457.7,-6.19182,11700.9,-4.96914,-1.81819,0,1,0
9543,1.00725,-0.00359295,-59457.7,-6.1928,0,-4.7431,-1,1,0,0
9543,1.00725,-0.00359295,-59457.7,-6.1928,0,-5.40457,-1,1,0,0
9543,1.00725,-0.00359295,-59457.7,-6.1928,21907.6,-3.90651,-1,0,1,0
9543,1.00725,-0.00359295,-59457.7,-6.1928,0,-5.49646,-0.727017,1,0,0
9542.5,1.00725,-0.00326649,-59457.7,-6.19247,0,-5.13328,-1.27298,1,0,0
9543,1.00725,-0.00359295,-59457.7,-6.1928,28567.9,-3.21361,-2.09216,0,1,0
9545,1.00725,-0.00489845,-59457.7,-6.19409,14990.1,-4.62521,-1,0,1,0
9545,1.00725,-0.00489845,-59457.7,-6.19409,3568.16,-5.81323,-2.09303,0,1,0
9547,1.00725,-0.0062034,-59457.7,-6.19539,0,-4.47384,-1,1,0,0
9547,1.00654,-0.0052529,-50347.4,-5.24982,9110.29,-5.23568,1.91622,0,1,0
9541,1.00654,-0.0019365,-50347.4,-5.24653,3475.67,-4.88076,-1,0,1,0
9541,1.00654,-0.0019365,-50347.4,-5.24653,11286.5,-4.06741,-0.777136,0,1,0
9540.5,1.00654,-0.00165994,-50347.4,-5.24625,0,-5.74355,-1,1,0,0
9540.5,1.00654,-0.00165994,-50347.4,-5.24625,-2704.83,-5.52462,-1.22286,0,1,0
9541,1.00654,-0.0019365,-50347.4,-5.24653,10873.5,-4.11042,-1,0,1,0
9541,1.00654,-0.0019365,-50347.4,-5.24653,0,-3.57747,-0.777136,1,0,0
9540.5,1.00654,-0.00165994,-50347.4,-5.24625,0,-3.8038,-1.22286,1,0,0
9541,1.00654,-0.0019365,-50347.4,-5.24653,0,-3.84195,-0.777136,1,0,0
9540.5,1.00654,-0.00165994,-50347.4,-5.24625,0,-3.45372,-1.22286,1,0,0
9541,1.00654,-0.0019365,-50347.4,-5.24653,0,-4.25076,-1,1,0,0
9541,1.00654,-0.0019365,-50347.4,-5.24653,8051.36,-4.40429,-0.777136,0,1,0
9540.5,1.00654,-0.00165994,-50347.4,-5.24625,0,-5.56656,-4.57162,1,0,0
9548.5,1.00654,-0.00608135,-50347.4,-5.25064,0,-4.38731,-1,1,0,0
9548.5,1.00654,-0.00608135,-50347.4,-5.25064,0,-3.31485,-0.77632,1,0,0
9548,1.00654,-0.00580523,-50347.4,-5.25037,0,-5.66453,-1,1,0,0
9548,1.00654,-0.00580523,-50347.4,-5.25037,6708.99,-4.54074,-1,0,1,0
9548,1.00654,-0.00580523,-50347.4,-5.25037,14209.2,-3.76032,-1,0,1,0
9548,1.00654,-0.00580523,-50347.4,-5.25037,26265.8,-2.50577,-1.22368,0,1,0
9548.5,1.00654,-0.00608135,-50347.4,-5.25064,12691.8,-3.918,-0.77632,0,1,0
9548,1.00654,-0.00580523,-50347.4,-5.25037,4402.57,-4.78073,-1.22368,0,1,0
9548.5,1.00654,-0.00608135,-50347.4,-5.25064,9004.08,-4.3017,-1,0,1,0
9548.5,1.00654,-0.00608135,-50347.4,-5.25064,6864.01,-4.52437,-0.77632,0,1,0
9548,1.00654,-0.00580523,-50347.4,-5.25037,0,-5.84015,-1.22368,1,0,0
9548.5,1.00654,-0.00608135,-50347.4,-5.25064,0,-3.5456,-1,1,0,0
9548.5,1.00654,-0.00608135,-50347.4,-5.25064,0,-6.40227,-1,1,0,0
9548.5,1.00654,-0.00608135,-50347.4,-5.25064,8993.51,-4.3028,-1.44723,0,1,0
9549.5,1.00654,-0.0066335,-50347.4,-5.25119,-161.664,-5.25483,-1,0,1,0
9549.5,1.00654,-0.0066335,-50347.4,-5.25119,0,-5.7007,-1.22392,1,0,0
9550,1.00654,-0.00690954,-50347.4,-5.25147,0,-4.30878,0.34195,1,0,0
9547,1.00654,-0.0052529,-50347.4,-5.24982,-1086.95,-5.3525,-1.22352,0,1,0
9547.5,1.00654,-0.00552908,-50347.4,-5.2501,13440.1,-3.84054,-0.776478,0,1,0
9547,1.00654,-0.0052529,-50347.4,-5.24982,0,-3.66146,-1,1,0,0
9547,1.00654,-0.0052529,-50347.4,-5.24982,16273.1,-3.54593,-1,0,1,0
9547,1.00654,-0.0052529,-50347.4,-5.24982,26223.7,-2.51042,-1,0,1,0
9547,1.00654,-0.0052529,-50347.4,-5.24982,0,-4.40403,-1.22352,1,0,0
9547.5,1.00654,-0.00552908,-50347.4,-5.2501,0,-3.11757,-0.776478,1,0,0
9547,1.00654,-0.0052529,-50347.4,-5.24982,0,-3.99564,-1.22352,1,0,0
9547.5,1.00654,-0.00552908,-50347.4,-5.2501,0,-4.99048,-0.776478,1,0,0
9547,1.00654,-0.0052529,-50347.4,-5.24982,0,-2.94609,-1,1,0,0
9547,1.00654,-0.0052529,-50347.4,-5.24982,0,-4.41174,-1.22352,1,0,0
9547.5,1.00654,-0.00552908,-50347.4,-5.2501,0,-3.52353,-1,1,0,0
9547.5,1.00654,-0.00552908,-50347.4,-5.2501,-13261.2,-6.61906,-1,0,1,0
9547.5,1.00654,-0.00552908,-50347.4,-5.2501,0,-5.24682,-1,1,0,0
9547.5,1.00654,-0.00552908,-50347.4,-5.2501,0,-4.00369,-0.776478,1,0,0
9547,1.00654,-0.0052529,-50347.4,-5.24982,0,-5.42109,0.339844,1,0,0
9544,1.00654,-0.00359522,-50347.4,-5.24817,-16982.9,-7.00891,-0.553772,0,1,0
9543,1.00654,-0.00304243,-50347.4,-5.24763,0,-3.65197,-0.776821,1,0,0
9542.5,1.00654,-0.00276599,-50347.4,-5.24735,0,-3.10756,-1,1,0,0
9542.5,1.00654,-0.00276599,-50347.4,-5.24735,0,-6.42662,-1.22318,1,0,0
9543,1.00654,-0.00304243,-50347.4,-5.24763,0,-4.2892,-0.776821,1,0,0
9542.5,1.00654,-0.00276599,-50347.4,-5.24735,20911.9,-3.06464,-1,0,1,0
9542.5,1.00654,-0.00276599,-50347.4,-5.24735,0,-5.84494,-1,1,0,0
9542.5,1.00654,-0.00276599,-50347.4,-5.24735,7868.94,-4.42259,-1,0,1,0
9542.5,1.00654,-0.00276599,-50347.4,-5.24735,1263.84,-5.11027,-1,0,1,0
9542.5,1.00654,-0.00276599,-50347.4,-5.24735,22159.5,-2.93475,-1.22318,0,1,0
9543,1.00654,-0.00304243,-50347.4,-5.24763,0,-5.55976,-1.22326,1,0,0
9543.5,1.00654,-0.00331884,-50347.4,-5.2479,-1925.14,-5.44172,-0.776743,0,1,0
9543,1.00654,-0.00304243,-50347.4,-5.24763,0,-5.47136,-1.22326,1,0,0
9543.5,1.00654,-0.00331884,-50347.4,-5.2479,-1396.61,-5.3867,-0.776743,0,1,0
9543,1.00654,-0.00304243,-50347.4,-5.24763,0,-2.04215,-1,1,0,0
9543,1.00654,-0.00304243,-50347.4,-5.24763,0,-3.90942,-1,1,0,0
9543,1.00654,-0.00304243,-50347.4,-5.24763,0,-6.33818,-1,1,0,0
9543,1.00654,-0.00304243,-50347.4,-5.24763,2611.68,-4.96968,-1.22326,0,1,0
9543.5,1.00654,-0.00331884,-50347.4,-5.2479,0,-5.65334,-0.776743,1,0,0
9543,1.00654,-0.00304243,-50347.4,-5.24763,0,-5.3805,-1.22326,1,0,0
9543.5,1.00654,-0.00331884,-50347.4,-5.2479,-1262.81,-5.37277,-0.776743,0,1,0
9543,1.00654,-0.00304243,-50347.4,-5.24763,20.116,-5.23949,-1.22326,0,1,0
9543.5,1.00654,-0.00331884,-50347.4,-5.2479,0,-4.72975,-0.776743,1,0,0
9543,1.00654,-0.00304243,-50347.4,-5.24763,0,-3.75538,-1,1,0,0
9543,1.00654,-0.00304243,-50347.4,-5.24763,0,-4.13182,-1.22326,1,0,0
9543.5,1.00654,-0.00331884,-50347.4,-5.2479,0,-4.01785,-1,1,0,0
9543.5,1.00654,-0.00331884,-50347.4,-5.2479,0,-3.91224,-0.776743,1,0,0
9543,1.00654,-0.00304243,-50347.4,-5.24763,0,-2.43337,-1.22326,1,0,0
9543.5,1.00654,-0.00331884,-50347.4,-5.2479,0,-3.02489,-1,1,0,0
9543.5,1.00654,-0.00331884,-50347.4,-5.2479,0,-3.15638,-1,1,0,0
9543.5,1.00654,-0.00331884,-50347.4,-5.2479,0,-4.1097,-1,1,0,0
9543.5,1.00654,-0.00331884,-50347.4,-5.2479,0,-2.72696,-0.776743,1,0,0
9543,1.00654,-0.00304243,-50347.4,-5.24763,0,-3.55941,-1.22326,1,0,0
9543.5,1.00654,-0.00331884,-50347.4,-5.2479,0,-2.47739,-0.776743,1,0,0
9543,1.00654,-0.00304243,-50347.4,-5.24763,0,-4.2012,-1.22326,1,0,0
9543.5,1.00654,-0.00331884,-50347.4,-5.2479,0,-3.65508,-1,1,0,0
9543.5,1.00654,-0.00331884,-50347.4,-5.2479,0,-3.70268,-1,1,0,0
9543.5,1.00654,-0.00331884,-50347.4,-5.2479,0,-5.34834,-1,1,0,0
9543.5,1.00654,-0.00331884,-50347.4,-5.2479,0,-4.51847,-0.776743,1,0,0
9543,1.00654,-0.00304243,-50347.4,-5.24763,0,-4.0101,-1.22326,1,0,0
9543.5,1.00654,-0.00331884,-50347.4,-5.2479,0,-4.96077,-0.776743,1,0,0
9543,1.00654,-0.00304243,-50347.4,-5.24763,0,-3.67583,-1,1,0,0
9543,1.00654,-0.00304243,-50347.4,-5.24763,16673.3,-3.50575,-1.22326,0,1,0
9543.5,1.00654,-0.00331884,-50347.4,-5.2479,0,-4.52274,-0.776743,1,0,0
9543,1.00654,-0.00304243,-50347.4,-5.24763,-3811.18,-5.63836,-1,0,1,0
9543,1.00654,-0.00304243,-50347.4,-5.24763,0,-5.82798,-1,1,0,0
9543,1.00654,-0.00304243,-50347.4,-5.24763,0,-5.12563,-1.22326,1,0,0
9543.5,1.00654,-0.00331884,-50347.4,-5.2479,12067.5,-3.98505,-1,0,1,0
9543.5,1.00654,-0.00331884,-50347.4,-5.2479,0,-5.17223,-0.776743,1,0,0
9543,1.00654,-0.00304243,-50347.4,-5.24763,0,-5.0617,-1,1,0,0
9543,1.00654,-0.00304243,-50347.4,-5.24763,0,-3.78378,-1,1,0,0
9543,1.00654,-0.00304243,-50347.4,-5.24763,0,-3.99439,-0.776821,1,0,0
9542.5,1.00654,-0.00276599,-50347.4,-5.24735,0,-6.02949,-0.777265,1,0,0
9542,1.00654,-0.00248952,-50347.4,-5.24708,-28734.6,-8.23396,-1,0,1,0
9542,1.00654,-0.00248952,-50347.4,-5.24708,0,-4.85329,-0.776978,1,0,0
9541.5,1.00654,-0.00221302,-50347.4,-5.2468,0,-5.52825,-1.22302,1,0,0
9542,1.00654,-0.00248952,-50347.4,-5.24708,0,-6.60678,-0.776978,1,0,0
9541.5,1.00654,-0.00221302,-50347.4,-5.2468,0,-5.90079,-1,1,0,0
9541.5,1.00654,-0.00221302,-50347.4,-5.2468,0,-5.60898,-1,1,0,0
9541.5,1.00654,-0.00221302,-50347.4,-5.2468,0,-5.41076,-1,1,0,0
9541.5,1.00654,-0.00221302,-50347.4,-5.2468,-10702.5,-6.3568,-1.22302,0,1,0
9542,1.00654,-0.00248952,-50347.4,-5.24708,0,-6.88997,-0.776978,1,0,0
9541.5,1.00654,-0.00221302,-50347.4,-5.2468,0,-5.79886,-1,1,0,0
9541.5,1.00654,-0.00221302,-50347.4,-5.2468,754.768,-5.16381,-1.22302,0,1,0
9542,1.00654,-0.00248952,-50347.4,-5.24708,0,-5.86444,-0.776978,1,0,0
9541.5,1.00654,-0.00221302,-50347.4,-5.2468,0,-5.08725,-1.22302,1,0,0
9542,1.00654,-0.00248952,-50347.4,-5.24708,0,-5.67517,-1,1,0,0
9542,1.00654,-0.00248952,-50347.4,-5.24708,14342.3,-3.74883,-0.776978,0,1,0
9541.5,1.00654,-0.00221302,-50347.4,-5.2468,2381.91,-4.99439,-1,0,1,0
9541.5,1.00654,-0.00221302,-50347.4,-5.2468,0,-4.97328,-1.22302,1,0,0
9542,1.00654,-0.00248952,-50347.4,-5.24708,0,-5.69657,-1,1,0,0
9542,1.00654,-0.00248952,-50347.4,-5.24708,0,-5.01932,-0.776978,1,0,0
9541.5,1.00654,-0.00221302,-50347.4,-5.2468,0,-5.94851,-1,1,0,0
9541.5,1.00654,-0.00221302,-50347.4,-5.2468,0,-5.878,-1,1,0,0
9541.5,1.00654,-0.00221302,-50347.4,-5.2468,0,-6.78132,-1.22302,1,0,0
9542,1.00654,-0.00248952,-50347.4,-5.24708,0,-5.61274,-0.776978,1,0,0
9541.5,1.00654,-0.00221302,-50347.4,-5.2468,0,-5.21803,-1,1,0,0
9541.5,1.00654,-0.00221302,-50347.4,-5.2468,-8290.72,-6.10567,-1,0,1,0
9541.5,1.00654,-0.00221302,-50347.4,-5.2468,-20015.6,-7.32652,-1.22302,0,1,0
9542,1.00654,-0.00248952,-50347.4,-5.24708,716.644,-5.16751,-1,0,1,0
9542,1.00654,-0.00248952,-50347.4,-5.24708,-2961.49,-5.55048,-0.776978,0,1,0
9541.5,1.00654,-0.00221302,-50347.4,-5.2468,0,-5.08351,-1.22302,1,0,0
9542,1.00654,-0.00248952,-50347.4,-5.24708,-30687.4,-8.43727,-0.776978,0,1,0
9541.5,1.00654,-0.00221302,-50347.4,-5.2468,0,-6.91437,-1.22302,1,0,0
9542,1.00654,-0.00248952,-50347.4,-5.24708,-19828,-7.30661,-0.776978,0,1,0
9541.5,1.00654,-0.00221302,-50347.4,-5.2468,0,-6.49304,-1.22302,1,0,0
9542,1.00654,-0.00248952,-50347.4,-5.24708,0,-8.0509,-0.776978,1,0,0
9541.5,1.00654,-0.00221302,-50347.4,-5.2468,0,-5.74917,-1.22302,1,0,0
9542,1.00654,-0.00248952,-50347.4,-5.24708,0,-5.91419,-1,1,0,0
9542,1.00654,-0.00248952,-50347.4,-5.24708,0,-6.55953,-0.776978,1,0,0
9541.5,1.00654,-0.00221302,-50347.4,-5.2468,-9065.21,-6.18632,-1.22302,0,1,0
9542,1.00654,-0.00248952,-50347.4,-5.24708,0,-6.97332,-1,1,0,0
9542,1.00654,-0.00248952,-50347.4,-5.24708,-981.632,-5.34434,-1,0,1,0
9542,1.00654,-0.00248952,-50347.4,-5.24708,0,-6.14175,-0.776978,1,0,0
9541.5,1.00654,-0.00221302,-50347.4,-5.2468,0,-5.01864,-1,1,0,0
9541.5,1.00654,-0.00221302,-50347.4,-5.2468,0,-5.63187,-1,1,0,0
9541.5,1.00654,-0.00221302,-50347.4,-5.2468,0,-5.03095,-1,1,0,0
9541.5,1.00654,-0.00221302,-50347.4,-5.2468,0,-4.45516,-1,1,0,0
9541.5,1.00654,-0.00221302,-50347.4,-5.2468,0,-4.44833,-1,1,0,0
9541.5,1.00654,-0.00221302,-50347.4,-5.2468,0,-3.72756,-1,1,0,0
9541.5,1.00654,-0.00221302,-50347.4,-5.2468,0,-5.43733,-1.22302,1,0,0
9542,1.00654,-0.00248952,-50347.4,-5.24708,0,-4.99122,-0.776978,1,0,0
9541.5,1.00654,-0.00221302,-50347.4,-5.2468,0,-5.91895,-1,1,0,0
9541.5,1.00654,-0.00221302,-50347.4,-5.2468,0,-4.93116,-1,1,0,0
9541.5,1.00654,-0.00221302,-50347.4,-5.2468,0,-5.3093,-1,1,0,0
9541.5,1.00654,-0.00221302,-50347.4,-5.2468,3446.43,-4.88355,-1.22302,0,1,0
9542,1.00654,-0.00248952,-50347.4,-5.24708,6940.1,-4.51953,-0.776978,0,1,0
9541.5,1.00654,-0.00221302,-50347.4,-5.2468,0,-4.93519,-1.22302,1,0,0
9542,1.00654,-0.00248952,-50347.4,-5.24708,0,-4.94364,-1,1,0,0
9542,1.00654,-0.00248952,-50347.4,-5.24708,0,-5.02579,-1,1,0,0
9542,1.00654,-0.00248952,-50347.4,-5.24708,0,-5.6725,-1,1,0,0
9542,1.00654,-0.00248952,-50347.4,-5.24708,0,-5.21604,-0.776978,1,0,0
9541.5,1.00654,-0.00221302,-50347.4,-5.2468,0,-3.79077,-1,1,0,0
9541.5,1.00654,-0.00221302,-50347.4,-5.2468,16569.4,-3.51712,-1.22302,0,1,0
9542,1.00654,-0.00248952,-50347.4,-5.24708,0,-7.77849,-0.776978,1,0,0
9541.5,1.00654,-0.00221302,-50347.4,-5.2468,0,-2.29761,-1,1,0,0
9541.5,1.00654,-0.00221302,-50347.4,-5.2468,0,-4.17666,-1.22302,1,0,0
9542,1.00654,-0.00248952,-50347.4,-5.24708,0,-4.39782,-1,1,0,0
9542,1.00654,-0.00248952,-50347.4,-5.24708,0,-4.0454,-0.776978,1,0,0
9541.5,1.00654,-0.00221302,-50347.4,-5.2468,0,-3.50043,-1.22302,1,0,0
9542,1.00654,-0.00248952,-50347.4,-5.24708,0,-4.83444,-0.776978,1,0,0
9541.5,1.00654,-0.00221302,-50347.4,-5.2468,0,-4.58287,-1,1,0,0
9541.5,1.00654,-0.00221302,-50347.4,-5.2468,0,-6.3087,-1.22302,1,0,0
9542,1.00654,-0.00248952,-50347.4,-5.24708,0,-5.25298,-0.776978,1,0,0
9541.5,1.00654,-0.00221302,-50347.4,-5.2468,-5101.98,-5.77365,-1,0,1,0
9541.5,1.00654,-0.00221302,-50347.4,-5.2468,0,-5.53627,0.781711,1,0,0
9537.5,1.00654,-0,-50347.4,-5.2446,-14939,-6.80077,-0.77732,0,1,0
9537,1.00654,0.000276758,-50347.4,-5.24433,-20891.1,-7.42118,0.555838,0,1,0
9533.5,1.00654,0.00221488,-50347.4,-5.2424,0,-6.67232,-0.777583,1,0,0
9533,1.00654,0.00249187,-50347.4,-5.24213,0,-5.59689,-1,1,0,0
9533,1.00654,0.00249187,-50347.4,-5.24213,0,-4.34804,-1,1,0,0
9533,1.00654,0.00249187,-50347.4,-5.24213,0,-5.1373,-0.556127,1,0,0
9532,1.00654,0.00304594,-50347.4,-5.24158,0,-6.13062,-1,1,0,0
9532,1.00654,0.00304594,-50347.4,-5.24158,-8375.93,-6.12064,-0.556076,0,1,0
9531,1.00654,0.00360012,-50347.4,-5.24103,0,-6.61764,-1,1,0,0
9531,1.00654,0.00360012,-50347.4,-5.24103,0,-4.43626,-1,1,0,0
9531,1.00654,0.00360012,-50347.4,-5.24103,-9891.54,-6.27927,-1,0,1,0
9531,1.00654,0.00360012,-50347.4,-5.24103,0,-4.91582,-1.2221,1,0,0
9531.5,1.00654,0.00332302,-50347.4,-5.2413,0,-5.03927,-1,1,0,0
9531.5,1.00654,0.00332302,-50347.4,-5.2413,-7245.64,-6.00315,-1,0,1,0
9531.5,1.00654,0.00332302,-50347.4,-5.2413,0,-7.54909,-1,1,0,0
9531.5,1.00654,0.00332302,-50347.4,-5.2413,0,-6.91083,-1,1,0,0
9531.5,1.00654,0.00332302,-50347.4,-5.2413,0,-8.00527,-0.777896,1,0,0
9531,1.00654,0.00360012,-50347.4,-5.24103,0,-8.41322,-1.2221,1,0,0
9531.5,1.00654,0.00332302,-50347.4,-5.2413,0,-3.05762,-1,1,0,0
9531.5,1.00654,0.00332302,-50347.4,-5.2413,0,-7.97256,-1,1,0,0
9531.5,1.00654,0.00332302,-50347.4,-5.2413,0,-6.83618,1.21681,1,0,0
9526.5,1.00654,0.00609539,-50347.4,-5.23855,0,-4.86704,-2.10779,1,0,0
9529,1.00654,0.00470884,-50347.4,-5.23992,0,-6.34094,-1,1,0,0
9529,1.00654,0.00470884,-50347.4,-5.23992,0,-2.25143,-0.778286,1,0,0
9528.5,1.00654,0.00498609,-50347.4,-5.23965,0,-2.11211,-1.22171,1,0,0
9529,1.00654,0.00470884,-50347.4,-5.23992,-7974.74,-6.08074,-1,0,1,0
9529,1.00654,0.00470884,-50347.4,-5.23992,0,-3.85532,-1.4433,1,0,0
9530,1.00654,0.00415442,-50347.4,-5.24048,31649.7,-1.94924,-1.66572,0,1,0
9531.5,1.00654,0.00332302,-50347.4,-5.2413,6458,-4.57476,-1.44372,0,1,0
9532.5,1.00654,0.00276889,-50347.4,-5.24185,0,-5.09211,-1.22198,1,0,0
9533,1.00654,0.00249187,-50347.4,-5.24213,0,-3.48011,-0.778025,1,0,0
9532.5,1.00654,0.00276889,-50347.4,-5.24185,0,-3.51724,-1,1,0,0
9532.5,1.00654,0.00276889,-50347.4,-5.24185,0,-5.15258,-0.112516,1,0,0
9530.5,1.0068,0.00368202,-47812.1,-4.97556,2535.27,-4.98417,-0.310389,0,1,0
9529,1.0068,0.00447172,-47812.1,-4.97477,0,-5.39881,-0.792097,1,0,0
9528.5,1.0068,0.00473502,-47812.1,-4.97451,-1653.22,-5.15625,-1,0,1,0
9528.5,1.0068,0.00473502,-47812.1,-4.97451,-3194.35,-5.31689,-0.376715,0,1,0
9527,1.0068,0.00552505,-47812.1,-4.97373,0,-6.03054,-1.41545,1,0,0
9528,1.0068,0.00499833,-47812.1,-4.97425,-21775.8,-7.2542,-1.20783,0,1,0
9528.5,1.0068,0.00473502,-47812.1,-4.97451,0,-6.53812,-0.792168,1,0,0
9528,1.0068,0.00499833,-47812.1,-4.97425,0,-7.22229,-1,1,0,0
9528,1.0068,0.00499833,-47812.1,-4.97425,-16524.8,-6.70681,-1.20783,0,1,0
9528.5,1.0068,0.00473502,-47812.1,-4.97451,-9509.54,-5.97519,-0.376715,0,1,0
9527,1.0068,0.00552505,-47812.1,-4.97373,0,-2.61719,-1.20769,1,0,0
9527.5,1.0068,0.00526168,-47812.1,-4.97399,-13111.4,-6.35131,-1,0,1,0
9527.5,1.0068,0.00526168,-47812.1,-4.97399,-1425.34,-5.13303,-1,0,1,0
9527.5,1.0068,0.00526168,-47812.1,-4.97399,-17714,-6.83113,-0.792309,0,1,0
9527,1.0068,0.00552505,-47812.1,-4.97373,-9188.6,-5.94267,-1.20769,0,1,0
9527.5,1.0068,0.00526168,-47812.1,-4.97399,0,-7.17465,-2.87136,1,0,0
9532,1.0068,0.00289256,-47812.1,-4.97634,4152.58,-4.54938,-0.792018,0,1,0
9531.5,1.0068,0.00315568,-47812.1,-4.97608,0,-5.72767,-1,1,0,0
9531.5,1.0068,0.00315568,-47812.1,-4.97608,0,-4.24053,-1,1,0,0
9531.5,1.0068,0.00315568,-47812.1,-4.97608,0,-5.65655,-1,1,0,0
9531.5,1.0068,0.00315568,-47812.1,-4.97608,0,-5.80398,-1.20798,1,0,0
9532,1.0068,0.00289256,-47812.1,-4.97634,-499.052,-5.03409,-1,0,1,0
9532,1.0068,0.00289256,-47812.1,-4.97634,0,-6.16956,-1,1,0,0
9532,1.0068,0.00289256,-47812.1,-4.97634,-7254.83,-5.73805,-0.792018,0,1,0
9531.5,1.0068,0.00315568,-47812.1,-4.97608,0,-7.10637,-1.20798,1,0,0
9532,1.0068,0.00289256,-47812.1,-4.97634,0,-6.56812,-0.792018,1,0,0
9531.5,1.0068,0.00315568,-47812.1,-4.97608,0,-6.21032,-1,1,0,0
9531.5,1.0068,0.00315568,-47812.1,-4.97608,0,-5.00166,-1,1,0,0
9531.5,1.0068,0.00315568,-47812.1,-4.97608,0,-5.36146,-1.20798,1,0,0
9532,1.0068,0.00289256,-47812.1,-4.97634,0,-3.99344,-0.792018,1,0,0
9531.5,1.0068,0.00315568,-47812.1,-4.97608,0,-4.23049,-1,1,0,0
9531.5,1.0068,0.00315568,-47812.1,-4.97608,0,-5.74321,-1,1,0,0
9531.5,1.0068,0.00315568,-47812.1,-4.97608,0,-6.86489,-1.20798,1,0,0
9532,1.0068,0.00289256,-47812.1,-4.97634,0,-4.98267,-1,1,0,0
9532,1.0068,0.00289256,-47812.1,-4.97634,-6507.76,-5.6602,-1,0,1,0
9532,1.0068,0.00289256,-47812.1,-4.97634,0,-4.89864,-1,1,0,0
9532,1.0068,0.00289256,-47812.1,-4.97634,0,-6.46951,-1,1,0,0
9532,1.0068,0.00289256,-47812.1,-4.97634,0,-5.37601,-0.792018,1,0,0
9531.5,1.0068,0.00315568,-47812.1,-4.97608,0,-5.77189,-1.20798,1,0,0
9532,1.0068,0.00289256,-47812.1,-4.97634,0,-3.59946,-0.792018,1,0,0
9531.5,1.0068,0.00315568,-47812.1,-4.97608,0,-4.63358,-1.20798,1,0,0
9532,1.0068,0.00289256,-47812.1,-4.97634,0,-6.93492,-1,1,0,0
9532,1.0068,0.00289256,-47812.1,-4.97634,-20503.7,-7.1186,-0.792018,0,1,0
9531.5,1.0068,0.00315568,-47812.1,-4.97608,-8394.54,-5.85712,-1.20798,0,1,0
9532,1.0068,0.00289256,-47812.1,-4.97634,0,-6.38714,-1,1,0,0
9532,1.0068,0.00289256,-47812.1,-4.97634,-19216.3,-6.98445,-1,0,1,0
9532,1.0068,0.00289256,-47812.1,-4.97634,0,-5.99509,-1,1,0,0
9532,1.0068,0.00289256,-47812.1,-4.97634,0,-5.4447,-0.792018,1,0,0
9531.5,1.0068,0.00315568,-47812.1,-4.97608,-9811.44,-6.00477,-1,0,1,0
9531.5,1.0068,0.00315568,-47812.1,-4.97608,2675.01,-4.70359,-1,0,1,0
9531.5,1.0068,0.00315568,-47812.1,-4.97608,0,-5.94874,-1,1,0,0
9531.5,1.0068,0.00315568,-47812.1,-4.97608,-1696.68,-5.15915,-1,0,1,0
9531.5,1.0068,0.00315568,-47812.1,-4.97608,0,-5.24437,-1.20798,1,0,0
9532,1.0068,0.00289256,-47812.1,-4.97634,-6423.67,-5.65144,-1,0,1,0
9532,1.0068,0.00289256,-47812.1,-4.97634,0,-4.62515,-1,1,0,0
9532,1.0068,0.00289256,-47812.1,-4.97634,0,-4.2466,-1,1,0,0
9532,1.0068,0.00289256,-47812.1,-4.97634,-3495.77,-5.34635,-1,0,1,0
9532,1.0068,0.00289256,-47812.1,-4.97634,0,-4.34478,-1,1,0,0
9532,1.0068,0.00289256,-47812.1,-4.97634,0,-5.58954,-1,1,0,0
9532,1.0068,0.00289256,-47812.1,-4.97634,0,-5.30686,-1,1,0,0
9532,1.0068,0.00289256,-47812.1,-4.97634,-874.838,-5.07325,-0.792018,0,1,0
9531.5,1.0068,0.00315568,-47812.1,-4.97608,0,-6.74756,-1.20798,1,0,0
9532,1.0068,0.00289256,-47812.1,-4.97634,-7918.85,-5.80724,-1,0,1,0
9532,1.0068,0.00289256,-47812.1,-4.97634,3433.31,-4.62433,-1,0,1,0
9532,1.0068,0.00289256,-47812.1,-4.97634,0,-6.68655,-0.792018,1,0,0
9531.5,1.0068,0.00315568,-47812.1,-4.97608,-15175.8,-6.56377,-1,0,1,0
9531.5,1.0068,0.00315568,-47812.1,-4.97608,0,-6.48998,0.871072,1,0,0
9527,1.0068,0.00552505,-47812.1,-4.97373,0,-6.88529,-1,1,0,0
9527,1.0068,0.00552505,-47812.1,-4.97373,-4891.5,-5.49467,-1,0,1,0
9527,1.0068,0.00552505,-47812.1,-4.97373,0,-6.4594,-1.20769,1,0,0
9527.5,1.0068,0.00526168,-47812.1,-4.97399,0,-7.13969,-0.792309,1,0,0
